FOUND GOAL:
{(1, 2, 3, 8, 0, 4, 7, 6, 5), 4} with cost 4
SOLUTION:
[(1, 3, 4, 8, 2, 0, 7, 6, 5),
 (1, 3, 0, 8, 2, 4, 7, 6, 5),
 (1, 0, 3, 8, 2, 4, 7, 6, 5),
 (1, 2, 3, 8, 0, 4, 7, 6, 5)]
HISTORY:
{(1, 3, 4, 8, 2, 5, 7, 6, 0), 0} inserted in PRIORITY QUEUE with priority 0
[(0, {(1, 3, 4, 8, 2, 5, 7, 6, 0), 0})]
---
(1, 3, 4, 8, 2, 5, 7, 6, 0) inserted in REACHED with value 0
{(1, 3, 4, 8, 2, 5, 7, 6, 0): {(1, 3, 4, 8, 2, 5, 7, 6, 0), 0}}
---
{(1, 3, 4, 8, 2, 5, 7, 6, 0), 0} removed from PRIORITY QUEUE
[]
---
(1, 3, 4, 8, 2, 0, 7, 6, 5) inserted in REACHED with value 1
{(1, 3, 4, 8, 2, 0, 7, 6, 5): {(1, 3, 4, 8, 2, 0, 7, 6, 5), 1},
 (1, 3, 4, 8, 2, 5, 7, 6, 0): {(1, 3, 4, 8, 2, 5, 7, 6, 0), 0}}
---
{(1, 3, 4, 8, 2, 0, 7, 6, 5), 1} inserted in PRIORITY QUEUE with priority 1
[(1, {(1, 3, 4, 8, 2, 0, 7, 6, 5), 1})]
---
(1, 3, 4, 8, 2, 5, 7, 0, 6) inserted in REACHED with value 1
{(1, 3, 4, 8, 2, 0, 7, 6, 5): {(1, 3, 4, 8, 2, 0, 7, 6, 5), 1},
 (1, 3, 4, 8, 2, 5, 7, 0, 6): {(1, 3, 4, 8, 2, 5, 7, 0, 6), 1},
 (1, 3, 4, 8, 2, 5, 7, 6, 0): {(1, 3, 4, 8, 2, 5, 7, 6, 0), 0}}
---
{(1, 3, 4, 8, 2, 5, 7, 0, 6), 1} inserted in PRIORITY QUEUE with priority 1
[(1, {(1, 3, 4, 8, 2, 0, 7, 6, 5), 1}), (1, {(1, 3, 4, 8, 2, 5, 7, 0, 6), 1})]
---
{(1, 3, 4, 8, 2, 0, 7, 6, 5), 1} removed from PRIORITY QUEUE
[(1, {(1, 3, 4, 8, 2, 5, 7, 0, 6), 1})]
---
(1, 3, 0, 8, 2, 4, 7, 6, 5) inserted in REACHED with value 2
{(1, 3, 0, 8, 2, 4, 7, 6, 5): {(1, 3, 0, 8, 2, 4, 7, 6, 5), 2},
 (1, 3, 4, 8, 2, 0, 7, 6, 5): {(1, 3, 4, 8, 2, 0, 7, 6, 5), 1},
 (1, 3, 4, 8, 2, 5, 7, 0, 6): {(1, 3, 4, 8, 2, 5, 7, 0, 6), 1},
 (1, 3, 4, 8, 2, 5, 7, 6, 0): {(1, 3, 4, 8, 2, 5, 7, 6, 0), 0}}
---
{(1, 3, 0, 8, 2, 4, 7, 6, 5), 2} inserted in PRIORITY QUEUE with priority 1
[(1, {(1, 3, 4, 8, 2, 5, 7, 0, 6), 1}), (1, {(1, 3, 0, 8, 2, 4, 7, 6, 5), 2})]
---
(1, 3, 4, 8, 0, 2, 7, 6, 5) inserted in REACHED with value 2
{(1, 3, 0, 8, 2, 4, 7, 6, 5): {(1, 3, 0, 8, 2, 4, 7, 6, 5), 2},
 (1, 3, 4, 8, 0, 2, 7, 6, 5): {(1, 3, 4, 8, 0, 2, 7, 6, 5), 2},
 (1, 3, 4, 8, 2, 0, 7, 6, 5): {(1, 3, 4, 8, 2, 0, 7, 6, 5), 1},
 (1, 3, 4, 8, 2, 5, 7, 0, 6): {(1, 3, 4, 8, 2, 5, 7, 0, 6), 1},
 (1, 3, 4, 8, 2, 5, 7, 6, 0): {(1, 3, 4, 8, 2, 5, 7, 6, 0), 0}}
---
{(1, 3, 4, 8, 0, 2, 7, 6, 5), 2} inserted in PRIORITY QUEUE with priority 1
[(1, {(1, 3, 4, 8, 2, 5, 7, 0, 6), 1}),
 (1, {(1, 3, 0, 8, 2, 4, 7, 6, 5), 2}),
 (1, {(1, 3, 4, 8, 0, 2, 7, 6, 5), 2})]
---
{(1, 3, 4, 8, 2, 5, 7, 0, 6), 1} removed from PRIORITY QUEUE
[(1, {(1, 3, 0, 8, 2, 4, 7, 6, 5), 2}), (1, {(1, 3, 4, 8, 0, 2, 7, 6, 5), 2})]
---
(1, 3, 4, 8, 0, 5, 7, 2, 6) inserted in REACHED with value 2
{(1, 3, 0, 8, 2, 4, 7, 6, 5): {(1, 3, 0, 8, 2, 4, 7, 6, 5), 2},
 (1, 3, 4, 8, 0, 2, 7, 6, 5): {(1, 3, 4, 8, 0, 2, 7, 6, 5), 2},
 (1, 3, 4, 8, 0, 5, 7, 2, 6): {(1, 3, 4, 8, 0, 5, 7, 2, 6), 2},
 (1, 3, 4, 8, 2, 0, 7, 6, 5): {(1, 3, 4, 8, 2, 0, 7, 6, 5), 1},
 (1, 3, 4, 8, 2, 5, 7, 0, 6): {(1, 3, 4, 8, 2, 5, 7, 0, 6), 1},
 (1, 3, 4, 8, 2, 5, 7, 6, 0): {(1, 3, 4, 8, 2, 5, 7, 6, 0), 0}}
---
{(1, 3, 4, 8, 0, 5, 7, 2, 6), 2} inserted in PRIORITY QUEUE with priority 1
[(1, {(1, 3, 0, 8, 2, 4, 7, 6, 5), 2}),
 (1, {(1, 3, 4, 8, 0, 2, 7, 6, 5), 2}),
 (1, {(1, 3, 4, 8, 0, 5, 7, 2, 6), 2})]
---
(1, 3, 4, 8, 2, 5, 0, 7, 6) inserted in REACHED with value 2
{(1, 3, 0, 8, 2, 4, 7, 6, 5): {(1, 3, 0, 8, 2, 4, 7, 6, 5), 2},
 (1, 3, 4, 8, 0, 2, 7, 6, 5): {(1, 3, 4, 8, 0, 2, 7, 6, 5), 2},
 (1, 3, 4, 8, 0, 5, 7, 2, 6): {(1, 3, 4, 8, 0, 5, 7, 2, 6), 2},
 (1, 3, 4, 8, 2, 0, 7, 6, 5): {(1, 3, 4, 8, 2, 0, 7, 6, 5), 1},
 (1, 3, 4, 8, 2, 5, 0, 7, 6): {(1, 3, 4, 8, 2, 5, 0, 7, 6), 2},
 (1, 3, 4, 8, 2, 5, 7, 0, 6): {(1, 3, 4, 8, 2, 5, 7, 0, 6), 1},
 (1, 3, 4, 8, 2, 5, 7, 6, 0): {(1, 3, 4, 8, 2, 5, 7, 6, 0), 0}}
---
{(1, 3, 4, 8, 2, 5, 0, 7, 6), 2} inserted in PRIORITY QUEUE with priority 1
[(1, {(1, 3, 0, 8, 2, 4, 7, 6, 5), 2}),
 (1, {(1, 3, 4, 8, 0, 2, 7, 6, 5), 2}),
 (1, {(1, 3, 4, 8, 0, 5, 7, 2, 6), 2}),
 (1, {(1, 3, 4, 8, 2, 5, 0, 7, 6), 2})]
---
{(1, 3, 0, 8, 2, 4, 7, 6, 5), 2} removed from PRIORITY QUEUE
[(1, {(1, 3, 4, 8, 0, 2, 7, 6, 5), 2}),
 (1, {(1, 3, 4, 8, 0, 5, 7, 2, 6), 2}),
 (1, {(1, 3, 4, 8, 2, 5, 0, 7, 6), 2})]
---
(1, 0, 3, 8, 2, 4, 7, 6, 5) inserted in REACHED with value 3
{(1, 0, 3, 8, 2, 4, 7, 6, 5): {(1, 0, 3, 8, 2, 4, 7, 6, 5), 3},
 (1, 3, 0, 8, 2, 4, 7, 6, 5): {(1, 3, 0, 8, 2, 4, 7, 6, 5), 2},
 (1, 3, 4, 8, 0, 2, 7, 6, 5): {(1, 3, 4, 8, 0, 2, 7, 6, 5), 2},
 (1, 3, 4, 8, 0, 5, 7, 2, 6): {(1, 3, 4, 8, 0, 5, 7, 2, 6), 2},
 (1, 3, 4, 8, 2, 0, 7, 6, 5): {(1, 3, 4, 8, 2, 0, 7, 6, 5), 1},
 (1, 3, 4, 8, 2, 5, 0, 7, 6): {(1, 3, 4, 8, 2, 5, 0, 7, 6), 2},
 (1, 3, 4, 8, 2, 5, 7, 0, 6): {(1, 3, 4, 8, 2, 5, 7, 0, 6), 1},
 (1, 3, 4, 8, 2, 5, 7, 6, 0): {(1, 3, 4, 8, 2, 5, 7, 6, 0), 0}}
---
{(1, 0, 3, 8, 2, 4, 7, 6, 5), 3} inserted in PRIORITY QUEUE with priority 1
[(1, {(1, 3, 4, 8, 0, 2, 7, 6, 5), 2}),
 (1, {(1, 3, 4, 8, 0, 5, 7, 2, 6), 2}),
 (1, {(1, 3, 4, 8, 2, 5, 0, 7, 6), 2}),
 (1, {(1, 0, 3, 8, 2, 4, 7, 6, 5), 3})]
---
{(1, 3, 4, 8, 0, 2, 7, 6, 5), 2} removed from PRIORITY QUEUE
[(1, {(1, 3, 4, 8, 0, 5, 7, 2, 6), 2}),
 (1, {(1, 3, 4, 8, 2, 5, 0, 7, 6), 2}),
 (1, {(1, 0, 3, 8, 2, 4, 7, 6, 5), 3})]
---
(1, 0, 4, 8, 3, 2, 7, 6, 5) inserted in REACHED with value 3
{(1, 0, 3, 8, 2, 4, 7, 6, 5): {(1, 0, 3, 8, 2, 4, 7, 6, 5), 3},
 (1, 0, 4, 8, 3, 2, 7, 6, 5): {(1, 0, 4, 8, 3, 2, 7, 6, 5), 3},
 (1, 3, 0, 8, 2, 4, 7, 6, 5): {(1, 3, 0, 8, 2, 4, 7, 6, 5), 2},
 (1, 3, 4, 8, 0, 2, 7, 6, 5): {(1, 3, 4, 8, 0, 2, 7, 6, 5), 2},
 (1, 3, 4, 8, 0, 5, 7, 2, 6): {(1, 3, 4, 8, 0, 5, 7, 2, 6), 2},
 (1, 3, 4, 8, 2, 0, 7, 6, 5): {(1, 3, 4, 8, 2, 0, 7, 6, 5), 1},
 (1, 3, 4, 8, 2, 5, 0, 7, 6): {(1, 3, 4, 8, 2, 5, 0, 7, 6), 2},
 (1, 3, 4, 8, 2, 5, 7, 0, 6): {(1, 3, 4, 8, 2, 5, 7, 0, 6), 1},
 (1, 3, 4, 8, 2, 5, 7, 6, 0): {(1, 3, 4, 8, 2, 5, 7, 6, 0), 0}}
---
{(1, 0, 4, 8, 3, 2, 7, 6, 5), 3} inserted in PRIORITY QUEUE with priority 1
[(1, {(1, 3, 4, 8, 0, 5, 7, 2, 6), 2}),
 (1, {(1, 3, 4, 8, 2, 5, 0, 7, 6), 2}),
 (1, {(1, 0, 3, 8, 2, 4, 7, 6, 5), 3}),
 (1, {(1, 0, 4, 8, 3, 2, 7, 6, 5), 3})]
---
(1, 3, 4, 8, 6, 2, 7, 0, 5) inserted in REACHED with value 3
{(1, 0, 3, 8, 2, 4, 7, 6, 5): {(1, 0, 3, 8, 2, 4, 7, 6, 5), 3},
 (1, 0, 4, 8, 3, 2, 7, 6, 5): {(1, 0, 4, 8, 3, 2, 7, 6, 5), 3},
 (1, 3, 0, 8, 2, 4, 7, 6, 5): {(1, 3, 0, 8, 2, 4, 7, 6, 5), 2},
 (1, 3, 4, 8, 0, 2, 7, 6, 5): {(1, 3, 4, 8, 0, 2, 7, 6, 5), 2},
 (1, 3, 4, 8, 0, 5, 7, 2, 6): {(1, 3, 4, 8, 0, 5, 7, 2, 6), 2},
 (1, 3, 4, 8, 2, 0, 7, 6, 5): {(1, 3, 4, 8, 2, 0, 7, 6, 5), 1},
 (1, 3, 4, 8, 2, 5, 0, 7, 6): {(1, 3, 4, 8, 2, 5, 0, 7, 6), 2},
 (1, 3, 4, 8, 2, 5, 7, 0, 6): {(1, 3, 4, 8, 2, 5, 7, 0, 6), 1},
 (1, 3, 4, 8, 2, 5, 7, 6, 0): {(1, 3, 4, 8, 2, 5, 7, 6, 0), 0},
 (1, 3, 4, 8, 6, 2, 7, 0, 5): {(1, 3, 4, 8, 6, 2, 7, 0, 5), 3}}
---
{(1, 3, 4, 8, 6, 2, 7, 0, 5), 3} inserted in PRIORITY QUEUE with priority 1
[(1, {(1, 3, 4, 8, 0, 5, 7, 2, 6), 2}),
 (1, {(1, 3, 4, 8, 2, 5, 0, 7, 6), 2}),
 (1, {(1, 0, 3, 8, 2, 4, 7, 6, 5), 3}),
 (1, {(1, 0, 4, 8, 3, 2, 7, 6, 5), 3}),
 (1, {(1, 3, 4, 8, 6, 2, 7, 0, 5), 3})]
---
(1, 3, 4, 0, 8, 2, 7, 6, 5) inserted in REACHED with value 3
{(1, 0, 3, 8, 2, 4, 7, 6, 5): {(1, 0, 3, 8, 2, 4, 7, 6, 5), 3},
 (1, 0, 4, 8, 3, 2, 7, 6, 5): {(1, 0, 4, 8, 3, 2, 7, 6, 5), 3},
 (1, 3, 0, 8, 2, 4, 7, 6, 5): {(1, 3, 0, 8, 2, 4, 7, 6, 5), 2},
 (1, 3, 4, 0, 8, 2, 7, 6, 5): {(1, 3, 4, 0, 8, 2, 7, 6, 5), 3},
 (1, 3, 4, 8, 0, 2, 7, 6, 5): {(1, 3, 4, 8, 0, 2, 7, 6, 5), 2},
 (1, 3, 4, 8, 0, 5, 7, 2, 6): {(1, 3, 4, 8, 0, 5, 7, 2, 6), 2},
 (1, 3, 4, 8, 2, 0, 7, 6, 5): {(1, 3, 4, 8, 2, 0, 7, 6, 5), 1},
 (1, 3, 4, 8, 2, 5, 0, 7, 6): {(1, 3, 4, 8, 2, 5, 0, 7, 6), 2},
 (1, 3, 4, 8, 2, 5, 7, 0, 6): {(1, 3, 4, 8, 2, 5, 7, 0, 6), 1},
 (1, 3, 4, 8, 2, 5, 7, 6, 0): {(1, 3, 4, 8, 2, 5, 7, 6, 0), 0},
 (1, 3, 4, 8, 6, 2, 7, 0, 5): {(1, 3, 4, 8, 6, 2, 7, 0, 5), 3}}
---
{(1, 3, 4, 0, 8, 2, 7, 6, 5), 3} inserted in PRIORITY QUEUE with priority 1
[(1, {(1, 3, 4, 8, 0, 5, 7, 2, 6), 2}),
 (1, {(1, 3, 4, 8, 2, 5, 0, 7, 6), 2}),
 (1, {(1, 0, 3, 8, 2, 4, 7, 6, 5), 3}),
 (1, {(1, 0, 4, 8, 3, 2, 7, 6, 5), 3}),
 (1, {(1, 3, 4, 8, 6, 2, 7, 0, 5), 3}),
 (1, {(1, 3, 4, 0, 8, 2, 7, 6, 5), 3})]
---
{(1, 3, 4, 8, 0, 5, 7, 2, 6), 2} removed from PRIORITY QUEUE
[(1, {(1, 3, 4, 8, 2, 5, 0, 7, 6), 2}),
 (1, {(1, 0, 3, 8, 2, 4, 7, 6, 5), 3}),
 (1, {(1, 0, 4, 8, 3, 2, 7, 6, 5), 3}),
 (1, {(1, 3, 4, 8, 6, 2, 7, 0, 5), 3}),
 (1, {(1, 3, 4, 0, 8, 2, 7, 6, 5), 3})]
---
(1, 0, 4, 8, 3, 5, 7, 2, 6) inserted in REACHED with value 3
{(1, 0, 3, 8, 2, 4, 7, 6, 5): {(1, 0, 3, 8, 2, 4, 7, 6, 5), 3},
 (1, 0, 4, 8, 3, 2, 7, 6, 5): {(1, 0, 4, 8, 3, 2, 7, 6, 5), 3},
 (1, 0, 4, 8, 3, 5, 7, 2, 6): {(1, 0, 4, 8, 3, 5, 7, 2, 6), 3},
 (1, 3, 0, 8, 2, 4, 7, 6, 5): {(1, 3, 0, 8, 2, 4, 7, 6, 5), 2},
 (1, 3, 4, 0, 8, 2, 7, 6, 5): {(1, 3, 4, 0, 8, 2, 7, 6, 5), 3},
 (1, 3, 4, 8, 0, 2, 7, 6, 5): {(1, 3, 4, 8, 0, 2, 7, 6, 5), 2},
 (1, 3, 4, 8, 0, 5, 7, 2, 6): {(1, 3, 4, 8, 0, 5, 7, 2, 6), 2},
 (1, 3, 4, 8, 2, 0, 7, 6, 5): {(1, 3, 4, 8, 2, 0, 7, 6, 5), 1},
 (1, 3, 4, 8, 2, 5, 0, 7, 6): {(1, 3, 4, 8, 2, 5, 0, 7, 6), 2},
 (1, 3, 4, 8, 2, 5, 7, 0, 6): {(1, 3, 4, 8, 2, 5, 7, 0, 6), 1},
 (1, 3, 4, 8, 2, 5, 7, 6, 0): {(1, 3, 4, 8, 2, 5, 7, 6, 0), 0},
 (1, 3, 4, 8, 6, 2, 7, 0, 5): {(1, 3, 4, 8, 6, 2, 7, 0, 5), 3}}
---
{(1, 0, 4, 8, 3, 5, 7, 2, 6), 3} inserted in PRIORITY QUEUE with priority 1
[(1, {(1, 3, 4, 8, 2, 5, 0, 7, 6), 2}),
 (1, {(1, 0, 3, 8, 2, 4, 7, 6, 5), 3}),
 (1, {(1, 0, 4, 8, 3, 2, 7, 6, 5), 3}),
 (1, {(1, 3, 4, 8, 6, 2, 7, 0, 5), 3}),
 (1, {(1, 3, 4, 0, 8, 2, 7, 6, 5), 3}),
 (1, {(1, 0, 4, 8, 3, 5, 7, 2, 6), 3})]
---
(1, 3, 4, 0, 8, 5, 7, 2, 6) inserted in REACHED with value 3
{(1, 0, 3, 8, 2, 4, 7, 6, 5): {(1, 0, 3, 8, 2, 4, 7, 6, 5), 3},
 (1, 0, 4, 8, 3, 2, 7, 6, 5): {(1, 0, 4, 8, 3, 2, 7, 6, 5), 3},
 (1, 0, 4, 8, 3, 5, 7, 2, 6): {(1, 0, 4, 8, 3, 5, 7, 2, 6), 3},
 (1, 3, 0, 8, 2, 4, 7, 6, 5): {(1, 3, 0, 8, 2, 4, 7, 6, 5), 2},
 (1, 3, 4, 0, 8, 2, 7, 6, 5): {(1, 3, 4, 0, 8, 2, 7, 6, 5), 3},
 (1, 3, 4, 0, 8, 5, 7, 2, 6): {(1, 3, 4, 0, 8, 5, 7, 2, 6), 3},
 (1, 3, 4, 8, 0, 2, 7, 6, 5): {(1, 3, 4, 8, 0, 2, 7, 6, 5), 2},
 (1, 3, 4, 8, 0, 5, 7, 2, 6): {(1, 3, 4, 8, 0, 5, 7, 2, 6), 2},
 (1, 3, 4, 8, 2, 0, 7, 6, 5): {(1, 3, 4, 8, 2, 0, 7, 6, 5), 1},
 (1, 3, 4, 8, 2, 5, 0, 7, 6): {(1, 3, 4, 8, 2, 5, 0, 7, 6), 2},
 (1, 3, 4, 8, 2, 5, 7, 0, 6): {(1, 3, 4, 8, 2, 5, 7, 0, 6), 1},
 (1, 3, 4, 8, 2, 5, 7, 6, 0): {(1, 3, 4, 8, 2, 5, 7, 6, 0), 0},
 (1, 3, 4, 8, 6, 2, 7, 0, 5): {(1, 3, 4, 8, 6, 2, 7, 0, 5), 3}}
---
{(1, 3, 4, 0, 8, 5, 7, 2, 6), 3} inserted in PRIORITY QUEUE with priority 1
[(1, {(1, 3, 4, 8, 2, 5, 0, 7, 6), 2}),
 (1, {(1, 0, 3, 8, 2, 4, 7, 6, 5), 3}),
 (1, {(1, 0, 4, 8, 3, 2, 7, 6, 5), 3}),
 (1, {(1, 3, 4, 8, 6, 2, 7, 0, 5), 3}),
 (1, {(1, 3, 4, 0, 8, 2, 7, 6, 5), 3}),
 (1, {(1, 0, 4, 8, 3, 5, 7, 2, 6), 3}),
 (1, {(1, 3, 4, 0, 8, 5, 7, 2, 6), 3})]
---
(1, 3, 4, 8, 5, 0, 7, 2, 6) inserted in REACHED with value 3
{(1, 0, 3, 8, 2, 4, 7, 6, 5): {(1, 0, 3, 8, 2, 4, 7, 6, 5), 3},
 (1, 0, 4, 8, 3, 2, 7, 6, 5): {(1, 0, 4, 8, 3, 2, 7, 6, 5), 3},
 (1, 0, 4, 8, 3, 5, 7, 2, 6): {(1, 0, 4, 8, 3, 5, 7, 2, 6), 3},
 (1, 3, 0, 8, 2, 4, 7, 6, 5): {(1, 3, 0, 8, 2, 4, 7, 6, 5), 2},
 (1, 3, 4, 0, 8, 2, 7, 6, 5): {(1, 3, 4, 0, 8, 2, 7, 6, 5), 3},
 (1, 3, 4, 0, 8, 5, 7, 2, 6): {(1, 3, 4, 0, 8, 5, 7, 2, 6), 3},
 (1, 3, 4, 8, 0, 2, 7, 6, 5): {(1, 3, 4, 8, 0, 2, 7, 6, 5), 2},
 (1, 3, 4, 8, 0, 5, 7, 2, 6): {(1, 3, 4, 8, 0, 5, 7, 2, 6), 2},
 (1, 3, 4, 8, 2, 0, 7, 6, 5): {(1, 3, 4, 8, 2, 0, 7, 6, 5), 1},
 (1, 3, 4, 8, 2, 5, 0, 7, 6): {(1, 3, 4, 8, 2, 5, 0, 7, 6), 2},
 (1, 3, 4, 8, 2, 5, 7, 0, 6): {(1, 3, 4, 8, 2, 5, 7, 0, 6), 1},
 (1, 3, 4, 8, 2, 5, 7, 6, 0): {(1, 3, 4, 8, 2, 5, 7, 6, 0), 0},
 (1, 3, 4, 8, 5, 0, 7, 2, 6): {(1, 3, 4, 8, 5, 0, 7, 2, 6), 3},
 (1, 3, 4, 8, 6, 2, 7, 0, 5): {(1, 3, 4, 8, 6, 2, 7, 0, 5), 3}}
---
{(1, 3, 4, 8, 5, 0, 7, 2, 6), 3} inserted in PRIORITY QUEUE with priority 1
[(1, {(1, 3, 4, 8, 2, 5, 0, 7, 6), 2}),
 (1, {(1, 0, 3, 8, 2, 4, 7, 6, 5), 3}),
 (1, {(1, 0, 4, 8, 3, 2, 7, 6, 5), 3}),
 (1, {(1, 3, 4, 8, 6, 2, 7, 0, 5), 3}),
 (1, {(1, 3, 4, 0, 8, 2, 7, 6, 5), 3}),
 (1, {(1, 0, 4, 8, 3, 5, 7, 2, 6), 3}),
 (1, {(1, 3, 4, 0, 8, 5, 7, 2, 6), 3}),
 (1, {(1, 3, 4, 8, 5, 0, 7, 2, 6), 3})]
---
{(1, 3, 4, 8, 2, 5, 0, 7, 6), 2} removed from PRIORITY QUEUE
[(1, {(1, 0, 3, 8, 2, 4, 7, 6, 5), 3}),
 (1, {(1, 0, 4, 8, 3, 2, 7, 6, 5), 3}),
 (1, {(1, 3, 4, 8, 6, 2, 7, 0, 5), 3}),
 (1, {(1, 3, 4, 0, 8, 2, 7, 6, 5), 3}),
 (1, {(1, 0, 4, 8, 3, 5, 7, 2, 6), 3}),
 (1, {(1, 3, 4, 0, 8, 5, 7, 2, 6), 3}),
 (1, {(1, 3, 4, 8, 5, 0, 7, 2, 6), 3})]
---
(1, 3, 4, 0, 2, 5, 8, 7, 6) inserted in REACHED with value 3
{(1, 0, 3, 8, 2, 4, 7, 6, 5): {(1, 0, 3, 8, 2, 4, 7, 6, 5), 3},
 (1, 0, 4, 8, 3, 2, 7, 6, 5): {(1, 0, 4, 8, 3, 2, 7, 6, 5), 3},
 (1, 0, 4, 8, 3, 5, 7, 2, 6): {(1, 0, 4, 8, 3, 5, 7, 2, 6), 3},
 (1, 3, 0, 8, 2, 4, 7, 6, 5): {(1, 3, 0, 8, 2, 4, 7, 6, 5), 2},
 (1, 3, 4, 0, 2, 5, 8, 7, 6): {(1, 3, 4, 0, 2, 5, 8, 7, 6), 3},
 (1, 3, 4, 0, 8, 2, 7, 6, 5): {(1, 3, 4, 0, 8, 2, 7, 6, 5), 3},
 (1, 3, 4, 0, 8, 5, 7, 2, 6): {(1, 3, 4, 0, 8, 5, 7, 2, 6), 3},
 (1, 3, 4, 8, 0, 2, 7, 6, 5): {(1, 3, 4, 8, 0, 2, 7, 6, 5), 2},
 (1, 3, 4, 8, 0, 5, 7, 2, 6): {(1, 3, 4, 8, 0, 5, 7, 2, 6), 2},
 (1, 3, 4, 8, 2, 0, 7, 6, 5): {(1, 3, 4, 8, 2, 0, 7, 6, 5), 1},
 (1, 3, 4, 8, 2, 5, 0, 7, 6): {(1, 3, 4, 8, 2, 5, 0, 7, 6), 2},
 (1, 3, 4, 8, 2, 5, 7, 0, 6): {(1, 3, 4, 8, 2, 5, 7, 0, 6), 1},
 (1, 3, 4, 8, 2, 5, 7, 6, 0): {(1, 3, 4, 8, 2, 5, 7, 6, 0), 0},
 (1, 3, 4, 8, 5, 0, 7, 2, 6): {(1, 3, 4, 8, 5, 0, 7, 2, 6), 3},
 (1, 3, 4, 8, 6, 2, 7, 0, 5): {(1, 3, 4, 8, 6, 2, 7, 0, 5), 3}}
---
{(1, 3, 4, 0, 2, 5, 8, 7, 6), 3} inserted in PRIORITY QUEUE with priority 1
[(1, {(1, 0, 3, 8, 2, 4, 7, 6, 5), 3}),
 (1, {(1, 0, 4, 8, 3, 2, 7, 6, 5), 3}),
 (1, {(1, 3, 4, 8, 6, 2, 7, 0, 5), 3}),
 (1, {(1, 3, 4, 0, 8, 2, 7, 6, 5), 3}),
 (1, {(1, 0, 4, 8, 3, 5, 7, 2, 6), 3}),
 (1, {(1, 3, 4, 0, 8, 5, 7, 2, 6), 3}),
 (1, {(1, 3, 4, 8, 5, 0, 7, 2, 6), 3}),
 (1, {(1, 3, 4, 0, 2, 5, 8, 7, 6), 3})]
---
{(1, 0, 3, 8, 2, 4, 7, 6, 5), 3} removed from PRIORITY QUEUE
[(1, {(1, 0, 4, 8, 3, 2, 7, 6, 5), 3}),
 (1, {(1, 3, 4, 8, 6, 2, 7, 0, 5), 3}),
 (1, {(1, 3, 4, 0, 8, 2, 7, 6, 5), 3}),
 (1, {(1, 0, 4, 8, 3, 5, 7, 2, 6), 3}),
 (1, {(1, 3, 4, 0, 8, 5, 7, 2, 6), 3}),
 (1, {(1, 3, 4, 8, 5, 0, 7, 2, 6), 3}),
 (1, {(1, 3, 4, 0, 2, 5, 8, 7, 6), 3})]
---
(1, 2, 3, 8, 0, 4, 7, 6, 5) inserted in REACHED with value 4
{(1, 0, 3, 8, 2, 4, 7, 6, 5): {(1, 0, 3, 8, 2, 4, 7, 6, 5), 3},
 (1, 0, 4, 8, 3, 2, 7, 6, 5): {(1, 0, 4, 8, 3, 2, 7, 6, 5), 3},
 (1, 0, 4, 8, 3, 5, 7, 2, 6): {(1, 0, 4, 8, 3, 5, 7, 2, 6), 3},
 (1, 2, 3, 8, 0, 4, 7, 6, 5): {(1, 2, 3, 8, 0, 4, 7, 6, 5), 4},
 (1, 3, 0, 8, 2, 4, 7, 6, 5): {(1, 3, 0, 8, 2, 4, 7, 6, 5), 2},
 (1, 3, 4, 0, 2, 5, 8, 7, 6): {(1, 3, 4, 0, 2, 5, 8, 7, 6), 3},
 (1, 3, 4, 0, 8, 2, 7, 6, 5): {(1, 3, 4, 0, 8, 2, 7, 6, 5), 3},
 (1, 3, 4, 0, 8, 5, 7, 2, 6): {(1, 3, 4, 0, 8, 5, 7, 2, 6), 3},
 (1, 3, 4, 8, 0, 2, 7, 6, 5): {(1, 3, 4, 8, 0, 2, 7, 6, 5), 2},
 (1, 3, 4, 8, 0, 5, 7, 2, 6): {(1, 3, 4, 8, 0, 5, 7, 2, 6), 2},
 (1, 3, 4, 8, 2, 0, 7, 6, 5): {(1, 3, 4, 8, 2, 0, 7, 6, 5), 1},
 (1, 3, 4, 8, 2, 5, 0, 7, 6): {(1, 3, 4, 8, 2, 5, 0, 7, 6), 2},
 (1, 3, 4, 8, 2, 5, 7, 0, 6): {(1, 3, 4, 8, 2, 5, 7, 0, 6), 1},
 (1, 3, 4, 8, 2, 5, 7, 6, 0): {(1, 3, 4, 8, 2, 5, 7, 6, 0), 0},
 (1, 3, 4, 8, 5, 0, 7, 2, 6): {(1, 3, 4, 8, 5, 0, 7, 2, 6), 3},
 (1, 3, 4, 8, 6, 2, 7, 0, 5): {(1, 3, 4, 8, 6, 2, 7, 0, 5), 3}}
---
{(1, 2, 3, 8, 0, 4, 7, 6, 5), 4} inserted in PRIORITY QUEUE with priority 1
[(1, {(1, 0, 4, 8, 3, 2, 7, 6, 5), 3}),
 (1, {(1, 3, 4, 8, 6, 2, 7, 0, 5), 3}),
 (1, {(1, 3, 4, 0, 8, 2, 7, 6, 5), 3}),
 (1, {(1, 0, 4, 8, 3, 5, 7, 2, 6), 3}),
 (1, {(1, 3, 4, 0, 8, 5, 7, 2, 6), 3}),
 (1, {(1, 3, 4, 8, 5, 0, 7, 2, 6), 3}),
 (1, {(1, 3, 4, 0, 2, 5, 8, 7, 6), 3}),
 (1, {(1, 2, 3, 8, 0, 4, 7, 6, 5), 4})]
---
(0, 1, 3, 8, 2, 4, 7, 6, 5) inserted in REACHED with value 4
{(0, 1, 3, 8, 2, 4, 7, 6, 5): {(0, 1, 3, 8, 2, 4, 7, 6, 5), 4},
 (1, 0, 3, 8, 2, 4, 7, 6, 5): {(1, 0, 3, 8, 2, 4, 7, 6, 5), 3},
 (1, 0, 4, 8, 3, 2, 7, 6, 5): {(1, 0, 4, 8, 3, 2, 7, 6, 5), 3},
 (1, 0, 4, 8, 3, 5, 7, 2, 6): {(1, 0, 4, 8, 3, 5, 7, 2, 6), 3},
 (1, 2, 3, 8, 0, 4, 7, 6, 5): {(1, 2, 3, 8, 0, 4, 7, 6, 5), 4},
 (1, 3, 0, 8, 2, 4, 7, 6, 5): {(1, 3, 0, 8, 2, 4, 7, 6, 5), 2},
 (1, 3, 4, 0, 2, 5, 8, 7, 6): {(1, 3, 4, 0, 2, 5, 8, 7, 6), 3},
 (1, 3, 4, 0, 8, 2, 7, 6, 5): {(1, 3, 4, 0, 8, 2, 7, 6, 5), 3},
 (1, 3, 4, 0, 8, 5, 7, 2, 6): {(1, 3, 4, 0, 8, 5, 7, 2, 6), 3},
 (1, 3, 4, 8, 0, 2, 7, 6, 5): {(1, 3, 4, 8, 0, 2, 7, 6, 5), 2},
 (1, 3, 4, 8, 0, 5, 7, 2, 6): {(1, 3, 4, 8, 0, 5, 7, 2, 6), 2},
 (1, 3, 4, 8, 2, 0, 7, 6, 5): {(1, 3, 4, 8, 2, 0, 7, 6, 5), 1},
 (1, 3, 4, 8, 2, 5, 0, 7, 6): {(1, 3, 4, 8, 2, 5, 0, 7, 6), 2},
 (1, 3, 4, 8, 2, 5, 7, 0, 6): {(1, 3, 4, 8, 2, 5, 7, 0, 6), 1},
 (1, 3, 4, 8, 2, 5, 7, 6, 0): {(1, 3, 4, 8, 2, 5, 7, 6, 0), 0},
 (1, 3, 4, 8, 5, 0, 7, 2, 6): {(1, 3, 4, 8, 5, 0, 7, 2, 6), 3},
 (1, 3, 4, 8, 6, 2, 7, 0, 5): {(1, 3, 4, 8, 6, 2, 7, 0, 5), 3}}
---
{(0, 1, 3, 8, 2, 4, 7, 6, 5), 4} inserted in PRIORITY QUEUE with priority 1
[(1, {(1, 0, 4, 8, 3, 2, 7, 6, 5), 3}),
 (1, {(1, 3, 4, 8, 6, 2, 7, 0, 5), 3}),
 (1, {(1, 3, 4, 0, 8, 2, 7, 6, 5), 3}),
 (1, {(1, 0, 4, 8, 3, 5, 7, 2, 6), 3}),
 (1, {(1, 3, 4, 0, 8, 5, 7, 2, 6), 3}),
 (1, {(1, 3, 4, 8, 5, 0, 7, 2, 6), 3}),
 (1, {(1, 3, 4, 0, 2, 5, 8, 7, 6), 3}),
 (1, {(1, 2, 3, 8, 0, 4, 7, 6, 5), 4}),
 (1, {(0, 1, 3, 8, 2, 4, 7, 6, 5), 4})]
---
{(1, 0, 4, 8, 3, 2, 7, 6, 5), 3} removed from PRIORITY QUEUE
[(1, {(1, 3, 4, 8, 6, 2, 7, 0, 5), 3}),
 (1, {(1, 3, 4, 0, 8, 2, 7, 6, 5), 3}),
 (1, {(1, 0, 4, 8, 3, 5, 7, 2, 6), 3}),
 (1, {(1, 3, 4, 0, 8, 5, 7, 2, 6), 3}),
 (1, {(1, 3, 4, 8, 5, 0, 7, 2, 6), 3}),
 (1, {(1, 3, 4, 0, 2, 5, 8, 7, 6), 3}),
 (1, {(1, 2, 3, 8, 0, 4, 7, 6, 5), 4}),
 (1, {(0, 1, 3, 8, 2, 4, 7, 6, 5), 4})]
---
(0, 1, 4, 8, 3, 2, 7, 6, 5) inserted in REACHED with value 4
{(0, 1, 3, 8, 2, 4, 7, 6, 5): {(0, 1, 3, 8, 2, 4, 7, 6, 5), 4},
 (0, 1, 4, 8, 3, 2, 7, 6, 5): {(0, 1, 4, 8, 3, 2, 7, 6, 5), 4},
 (1, 0, 3, 8, 2, 4, 7, 6, 5): {(1, 0, 3, 8, 2, 4, 7, 6, 5), 3},
 (1, 0, 4, 8, 3, 2, 7, 6, 5): {(1, 0, 4, 8, 3, 2, 7, 6, 5), 3},
 (1, 0, 4, 8, 3, 5, 7, 2, 6): {(1, 0, 4, 8, 3, 5, 7, 2, 6), 3},
 (1, 2, 3, 8, 0, 4, 7, 6, 5): {(1, 2, 3, 8, 0, 4, 7, 6, 5), 4},
 (1, 3, 0, 8, 2, 4, 7, 6, 5): {(1, 3, 0, 8, 2, 4, 7, 6, 5), 2},
 (1, 3, 4, 0, 2, 5, 8, 7, 6): {(1, 3, 4, 0, 2, 5, 8, 7, 6), 3},
 (1, 3, 4, 0, 8, 2, 7, 6, 5): {(1, 3, 4, 0, 8, 2, 7, 6, 5), 3},
 (1, 3, 4, 0, 8, 5, 7, 2, 6): {(1, 3, 4, 0, 8, 5, 7, 2, 6), 3},
 (1, 3, 4, 8, 0, 2, 7, 6, 5): {(1, 3, 4, 8, 0, 2, 7, 6, 5), 2},
 (1, 3, 4, 8, 0, 5, 7, 2, 6): {(1, 3, 4, 8, 0, 5, 7, 2, 6), 2},
 (1, 3, 4, 8, 2, 0, 7, 6, 5): {(1, 3, 4, 8, 2, 0, 7, 6, 5), 1},
 (1, 3, 4, 8, 2, 5, 0, 7, 6): {(1, 3, 4, 8, 2, 5, 0, 7, 6), 2},
 (1, 3, 4, 8, 2, 5, 7, 0, 6): {(1, 3, 4, 8, 2, 5, 7, 0, 6), 1},
 (1, 3, 4, 8, 2, 5, 7, 6, 0): {(1, 3, 4, 8, 2, 5, 7, 6, 0), 0},
 (1, 3, 4, 8, 5, 0, 7, 2, 6): {(1, 3, 4, 8, 5, 0, 7, 2, 6), 3},
 (1, 3, 4, 8, 6, 2, 7, 0, 5): {(1, 3, 4, 8, 6, 2, 7, 0, 5), 3}}
---
{(0, 1, 4, 8, 3, 2, 7, 6, 5), 4} inserted in PRIORITY QUEUE with priority 1
[(1, {(1, 3, 4, 8, 6, 2, 7, 0, 5), 3}),
 (1, {(1, 3, 4, 0, 8, 2, 7, 6, 5), 3}),
 (1, {(1, 0, 4, 8, 3, 5, 7, 2, 6), 3}),
 (1, {(1, 3, 4, 0, 8, 5, 7, 2, 6), 3}),
 (1, {(1, 3, 4, 8, 5, 0, 7, 2, 6), 3}),
 (1, {(1, 3, 4, 0, 2, 5, 8, 7, 6), 3}),
 (1, {(1, 2, 3, 8, 0, 4, 7, 6, 5), 4}),
 (1, {(0, 1, 3, 8, 2, 4, 7, 6, 5), 4}),
 (1, {(0, 1, 4, 8, 3, 2, 7, 6, 5), 4})]
---
(1, 4, 0, 8, 3, 2, 7, 6, 5) inserted in REACHED with value 4
{(0, 1, 3, 8, 2, 4, 7, 6, 5): {(0, 1, 3, 8, 2, 4, 7, 6, 5), 4},
 (0, 1, 4, 8, 3, 2, 7, 6, 5): {(0, 1, 4, 8, 3, 2, 7, 6, 5), 4},
 (1, 0, 3, 8, 2, 4, 7, 6, 5): {(1, 0, 3, 8, 2, 4, 7, 6, 5), 3},
 (1, 0, 4, 8, 3, 2, 7, 6, 5): {(1, 0, 4, 8, 3, 2, 7, 6, 5), 3},
 (1, 0, 4, 8, 3, 5, 7, 2, 6): {(1, 0, 4, 8, 3, 5, 7, 2, 6), 3},
 (1, 2, 3, 8, 0, 4, 7, 6, 5): {(1, 2, 3, 8, 0, 4, 7, 6, 5), 4},
 (1, 3, 0, 8, 2, 4, 7, 6, 5): {(1, 3, 0, 8, 2, 4, 7, 6, 5), 2},
 (1, 3, 4, 0, 2, 5, 8, 7, 6): {(1, 3, 4, 0, 2, 5, 8, 7, 6), 3},
 (1, 3, 4, 0, 8, 2, 7, 6, 5): {(1, 3, 4, 0, 8, 2, 7, 6, 5), 3},
 (1, 3, 4, 0, 8, 5, 7, 2, 6): {(1, 3, 4, 0, 8, 5, 7, 2, 6), 3},
 (1, 3, 4, 8, 0, 2, 7, 6, 5): {(1, 3, 4, 8, 0, 2, 7, 6, 5), 2},
 (1, 3, 4, 8, 0, 5, 7, 2, 6): {(1, 3, 4, 8, 0, 5, 7, 2, 6), 2},
 (1, 3, 4, 8, 2, 0, 7, 6, 5): {(1, 3, 4, 8, 2, 0, 7, 6, 5), 1},
 (1, 3, 4, 8, 2, 5, 0, 7, 6): {(1, 3, 4, 8, 2, 5, 0, 7, 6), 2},
 (1, 3, 4, 8, 2, 5, 7, 0, 6): {(1, 3, 4, 8, 2, 5, 7, 0, 6), 1},
 (1, 3, 4, 8, 2, 5, 7, 6, 0): {(1, 3, 4, 8, 2, 5, 7, 6, 0), 0},
 (1, 3, 4, 8, 5, 0, 7, 2, 6): {(1, 3, 4, 8, 5, 0, 7, 2, 6), 3},
 (1, 3, 4, 8, 6, 2, 7, 0, 5): {(1, 3, 4, 8, 6, 2, 7, 0, 5), 3},
 (1, 4, 0, 8, 3, 2, 7, 6, 5): {(1, 4, 0, 8, 3, 2, 7, 6, 5), 4}}
---
{(1, 4, 0, 8, 3, 2, 7, 6, 5), 4} inserted in PRIORITY QUEUE with priority 1
[(1, {(1, 3, 4, 8, 6, 2, 7, 0, 5), 3}),
 (1, {(1, 3, 4, 0, 8, 2, 7, 6, 5), 3}),
 (1, {(1, 0, 4, 8, 3, 5, 7, 2, 6), 3}),
 (1, {(1, 3, 4, 0, 8, 5, 7, 2, 6), 3}),
 (1, {(1, 3, 4, 8, 5, 0, 7, 2, 6), 3}),
 (1, {(1, 3, 4, 0, 2, 5, 8, 7, 6), 3}),
 (1, {(1, 2, 3, 8, 0, 4, 7, 6, 5), 4}),
 (1, {(0, 1, 3, 8, 2, 4, 7, 6, 5), 4}),
 (1, {(0, 1, 4, 8, 3, 2, 7, 6, 5), 4}),
 (1, {(1, 4, 0, 8, 3, 2, 7, 6, 5), 4})]
---
{(1, 3, 4, 8, 6, 2, 7, 0, 5), 3} removed from PRIORITY QUEUE
[(1, {(1, 3, 4, 0, 8, 2, 7, 6, 5), 3}),
 (1, {(1, 0, 4, 8, 3, 5, 7, 2, 6), 3}),
 (1, {(1, 3, 4, 0, 8, 5, 7, 2, 6), 3}),
 (1, {(1, 3, 4, 8, 5, 0, 7, 2, 6), 3}),
 (1, {(1, 3, 4, 0, 2, 5, 8, 7, 6), 3}),
 (1, {(1, 2, 3, 8, 0, 4, 7, 6, 5), 4}),
 (1, {(0, 1, 3, 8, 2, 4, 7, 6, 5), 4}),
 (1, {(0, 1, 4, 8, 3, 2, 7, 6, 5), 4}),
 (1, {(1, 4, 0, 8, 3, 2, 7, 6, 5), 4})]
---
(1, 3, 4, 8, 6, 2, 0, 7, 5) inserted in REACHED with value 4
{(0, 1, 3, 8, 2, 4, 7, 6, 5): {(0, 1, 3, 8, 2, 4, 7, 6, 5), 4},
 (0, 1, 4, 8, 3, 2, 7, 6, 5): {(0, 1, 4, 8, 3, 2, 7, 6, 5), 4},
 (1, 0, 3, 8, 2, 4, 7, 6, 5): {(1, 0, 3, 8, 2, 4, 7, 6, 5), 3},
 (1, 0, 4, 8, 3, 2, 7, 6, 5): {(1, 0, 4, 8, 3, 2, 7, 6, 5), 3},
 (1, 0, 4, 8, 3, 5, 7, 2, 6): {(1, 0, 4, 8, 3, 5, 7, 2, 6), 3},
 (1, 2, 3, 8, 0, 4, 7, 6, 5): {(1, 2, 3, 8, 0, 4, 7, 6, 5), 4},
 (1, 3, 0, 8, 2, 4, 7, 6, 5): {(1, 3, 0, 8, 2, 4, 7, 6, 5), 2},
 (1, 3, 4, 0, 2, 5, 8, 7, 6): {(1, 3, 4, 0, 2, 5, 8, 7, 6), 3},
 (1, 3, 4, 0, 8, 2, 7, 6, 5): {(1, 3, 4, 0, 8, 2, 7, 6, 5), 3},
 (1, 3, 4, 0, 8, 5, 7, 2, 6): {(1, 3, 4, 0, 8, 5, 7, 2, 6), 3},
 (1, 3, 4, 8, 0, 2, 7, 6, 5): {(1, 3, 4, 8, 0, 2, 7, 6, 5), 2},
 (1, 3, 4, 8, 0, 5, 7, 2, 6): {(1, 3, 4, 8, 0, 5, 7, 2, 6), 2},
 (1, 3, 4, 8, 2, 0, 7, 6, 5): {(1, 3, 4, 8, 2, 0, 7, 6, 5), 1},
 (1, 3, 4, 8, 2, 5, 0, 7, 6): {(1, 3, 4, 8, 2, 5, 0, 7, 6), 2},
 (1, 3, 4, 8, 2, 5, 7, 0, 6): {(1, 3, 4, 8, 2, 5, 7, 0, 6), 1},
 (1, 3, 4, 8, 2, 5, 7, 6, 0): {(1, 3, 4, 8, 2, 5, 7, 6, 0), 0},
 (1, 3, 4, 8, 5, 0, 7, 2, 6): {(1, 3, 4, 8, 5, 0, 7, 2, 6), 3},
 (1, 3, 4, 8, 6, 2, 0, 7, 5): {(1, 3, 4, 8, 6, 2, 0, 7, 5), 4},
 (1, 3, 4, 8, 6, 2, 7, 0, 5): {(1, 3, 4, 8, 6, 2, 7, 0, 5), 3},
 (1, 4, 0, 8, 3, 2, 7, 6, 5): {(1, 4, 0, 8, 3, 2, 7, 6, 5), 4}}
---
{(1, 3, 4, 8, 6, 2, 0, 7, 5), 4} inserted in PRIORITY QUEUE with priority 1
[(1, {(1, 3, 4, 0, 8, 2, 7, 6, 5), 3}),
 (1, {(1, 0, 4, 8, 3, 5, 7, 2, 6), 3}),
 (1, {(1, 3, 4, 0, 8, 5, 7, 2, 6), 3}),
 (1, {(1, 3, 4, 8, 5, 0, 7, 2, 6), 3}),
 (1, {(1, 3, 4, 0, 2, 5, 8, 7, 6), 3}),
 (1, {(1, 2, 3, 8, 0, 4, 7, 6, 5), 4}),
 (1, {(0, 1, 3, 8, 2, 4, 7, 6, 5), 4}),
 (1, {(0, 1, 4, 8, 3, 2, 7, 6, 5), 4}),
 (1, {(1, 4, 0, 8, 3, 2, 7, 6, 5), 4}),
 (1, {(1, 3, 4, 8, 6, 2, 0, 7, 5), 4})]
---
(1, 3, 4, 8, 6, 2, 7, 5, 0) inserted in REACHED with value 4
{(0, 1, 3, 8, 2, 4, 7, 6, 5): {(0, 1, 3, 8, 2, 4, 7, 6, 5), 4},
 (0, 1, 4, 8, 3, 2, 7, 6, 5): {(0, 1, 4, 8, 3, 2, 7, 6, 5), 4},
 (1, 0, 3, 8, 2, 4, 7, 6, 5): {(1, 0, 3, 8, 2, 4, 7, 6, 5), 3},
 (1, 0, 4, 8, 3, 2, 7, 6, 5): {(1, 0, 4, 8, 3, 2, 7, 6, 5), 3},
 (1, 0, 4, 8, 3, 5, 7, 2, 6): {(1, 0, 4, 8, 3, 5, 7, 2, 6), 3},
 (1, 2, 3, 8, 0, 4, 7, 6, 5): {(1, 2, 3, 8, 0, 4, 7, 6, 5), 4},
 (1, 3, 0, 8, 2, 4, 7, 6, 5): {(1, 3, 0, 8, 2, 4, 7, 6, 5), 2},
 (1, 3, 4, 0, 2, 5, 8, 7, 6): {(1, 3, 4, 0, 2, 5, 8, 7, 6), 3},
 (1, 3, 4, 0, 8, 2, 7, 6, 5): {(1, 3, 4, 0, 8, 2, 7, 6, 5), 3},
 (1, 3, 4, 0, 8, 5, 7, 2, 6): {(1, 3, 4, 0, 8, 5, 7, 2, 6), 3},
 (1, 3, 4, 8, 0, 2, 7, 6, 5): {(1, 3, 4, 8, 0, 2, 7, 6, 5), 2},
 (1, 3, 4, 8, 0, 5, 7, 2, 6): {(1, 3, 4, 8, 0, 5, 7, 2, 6), 2},
 (1, 3, 4, 8, 2, 0, 7, 6, 5): {(1, 3, 4, 8, 2, 0, 7, 6, 5), 1},
 (1, 3, 4, 8, 2, 5, 0, 7, 6): {(1, 3, 4, 8, 2, 5, 0, 7, 6), 2},
 (1, 3, 4, 8, 2, 5, 7, 0, 6): {(1, 3, 4, 8, 2, 5, 7, 0, 6), 1},
 (1, 3, 4, 8, 2, 5, 7, 6, 0): {(1, 3, 4, 8, 2, 5, 7, 6, 0), 0},
 (1, 3, 4, 8, 5, 0, 7, 2, 6): {(1, 3, 4, 8, 5, 0, 7, 2, 6), 3},
 (1, 3, 4, 8, 6, 2, 0, 7, 5): {(1, 3, 4, 8, 6, 2, 0, 7, 5), 4},
 (1, 3, 4, 8, 6, 2, 7, 0, 5): {(1, 3, 4, 8, 6, 2, 7, 0, 5), 3},
 (1, 3, 4, 8, 6, 2, 7, 5, 0): {(1, 3, 4, 8, 6, 2, 7, 5, 0), 4},
 (1, 4, 0, 8, 3, 2, 7, 6, 5): {(1, 4, 0, 8, 3, 2, 7, 6, 5), 4}}
---
{(1, 3, 4, 8, 6, 2, 7, 5, 0), 4} inserted in PRIORITY QUEUE with priority 1
[(1, {(1, 3, 4, 0, 8, 2, 7, 6, 5), 3}),
 (1, {(1, 0, 4, 8, 3, 5, 7, 2, 6), 3}),
 (1, {(1, 3, 4, 0, 8, 5, 7, 2, 6), 3}),
 (1, {(1, 3, 4, 8, 5, 0, 7, 2, 6), 3}),
 (1, {(1, 3, 4, 0, 2, 5, 8, 7, 6), 3}),
 (1, {(1, 2, 3, 8, 0, 4, 7, 6, 5), 4}),
 (1, {(0, 1, 3, 8, 2, 4, 7, 6, 5), 4}),
 (1, {(0, 1, 4, 8, 3, 2, 7, 6, 5), 4}),
 (1, {(1, 4, 0, 8, 3, 2, 7, 6, 5), 4}),
 (1, {(1, 3, 4, 8, 6, 2, 0, 7, 5), 4}),
 (1, {(1, 3, 4, 8, 6, 2, 7, 5, 0), 4})]
---
{(1, 3, 4, 0, 8, 2, 7, 6, 5), 3} removed from PRIORITY QUEUE
[(1, {(1, 0, 4, 8, 3, 5, 7, 2, 6), 3}),
 (1, {(1, 3, 4, 0, 8, 5, 7, 2, 6), 3}),
 (1, {(1, 3, 4, 8, 5, 0, 7, 2, 6), 3}),
 (1, {(1, 3, 4, 0, 2, 5, 8, 7, 6), 3}),
 (1, {(1, 2, 3, 8, 0, 4, 7, 6, 5), 4}),
 (1, {(0, 1, 3, 8, 2, 4, 7, 6, 5), 4}),
 (1, {(0, 1, 4, 8, 3, 2, 7, 6, 5), 4}),
 (1, {(1, 4, 0, 8, 3, 2, 7, 6, 5), 4}),
 (1, {(1, 3, 4, 8, 6, 2, 0, 7, 5), 4}),
 (1, {(1, 3, 4, 8, 6, 2, 7, 5, 0), 4})]
---
(0, 3, 4, 1, 8, 2, 7, 6, 5) inserted in REACHED with value 4
{(0, 1, 3, 8, 2, 4, 7, 6, 5): {(0, 1, 3, 8, 2, 4, 7, 6, 5), 4},
 (0, 1, 4, 8, 3, 2, 7, 6, 5): {(0, 1, 4, 8, 3, 2, 7, 6, 5), 4},
 (0, 3, 4, 1, 8, 2, 7, 6, 5): {(0, 3, 4, 1, 8, 2, 7, 6, 5), 4},
 (1, 0, 3, 8, 2, 4, 7, 6, 5): {(1, 0, 3, 8, 2, 4, 7, 6, 5), 3},
 (1, 0, 4, 8, 3, 2, 7, 6, 5): {(1, 0, 4, 8, 3, 2, 7, 6, 5), 3},
 (1, 0, 4, 8, 3, 5, 7, 2, 6): {(1, 0, 4, 8, 3, 5, 7, 2, 6), 3},
 (1, 2, 3, 8, 0, 4, 7, 6, 5): {(1, 2, 3, 8, 0, 4, 7, 6, 5), 4},
 (1, 3, 0, 8, 2, 4, 7, 6, 5): {(1, 3, 0, 8, 2, 4, 7, 6, 5), 2},
 (1, 3, 4, 0, 2, 5, 8, 7, 6): {(1, 3, 4, 0, 2, 5, 8, 7, 6), 3},
 (1, 3, 4, 0, 8, 2, 7, 6, 5): {(1, 3, 4, 0, 8, 2, 7, 6, 5), 3},
 (1, 3, 4, 0, 8, 5, 7, 2, 6): {(1, 3, 4, 0, 8, 5, 7, 2, 6), 3},
 (1, 3, 4, 8, 0, 2, 7, 6, 5): {(1, 3, 4, 8, 0, 2, 7, 6, 5), 2},
 (1, 3, 4, 8, 0, 5, 7, 2, 6): {(1, 3, 4, 8, 0, 5, 7, 2, 6), 2},
 (1, 3, 4, 8, 2, 0, 7, 6, 5): {(1, 3, 4, 8, 2, 0, 7, 6, 5), 1},
 (1, 3, 4, 8, 2, 5, 0, 7, 6): {(1, 3, 4, 8, 2, 5, 0, 7, 6), 2},
 (1, 3, 4, 8, 2, 5, 7, 0, 6): {(1, 3, 4, 8, 2, 5, 7, 0, 6), 1},
 (1, 3, 4, 8, 2, 5, 7, 6, 0): {(1, 3, 4, 8, 2, 5, 7, 6, 0), 0},
 (1, 3, 4, 8, 5, 0, 7, 2, 6): {(1, 3, 4, 8, 5, 0, 7, 2, 6), 3},
 (1, 3, 4, 8, 6, 2, 0, 7, 5): {(1, 3, 4, 8, 6, 2, 0, 7, 5), 4},
 (1, 3, 4, 8, 6, 2, 7, 0, 5): {(1, 3, 4, 8, 6, 2, 7, 0, 5), 3},
 (1, 3, 4, 8, 6, 2, 7, 5, 0): {(1, 3, 4, 8, 6, 2, 7, 5, 0), 4},
 (1, 4, 0, 8, 3, 2, 7, 6, 5): {(1, 4, 0, 8, 3, 2, 7, 6, 5), 4}}
---
{(0, 3, 4, 1, 8, 2, 7, 6, 5), 4} inserted in PRIORITY QUEUE with priority 1
[(1, {(1, 0, 4, 8, 3, 5, 7, 2, 6), 3}),
 (1, {(1, 3, 4, 0, 8, 5, 7, 2, 6), 3}),
 (1, {(1, 3, 4, 8, 5, 0, 7, 2, 6), 3}),
 (1, {(1, 3, 4, 0, 2, 5, 8, 7, 6), 3}),
 (1, {(1, 2, 3, 8, 0, 4, 7, 6, 5), 4}),
 (1, {(0, 1, 3, 8, 2, 4, 7, 6, 5), 4}),
 (1, {(0, 1, 4, 8, 3, 2, 7, 6, 5), 4}),
 (1, {(1, 4, 0, 8, 3, 2, 7, 6, 5), 4}),
 (1, {(1, 3, 4, 8, 6, 2, 0, 7, 5), 4}),
 (1, {(1, 3, 4, 8, 6, 2, 7, 5, 0), 4}),
 (1, {(0, 3, 4, 1, 8, 2, 7, 6, 5), 4})]
---
(1, 3, 4, 7, 8, 2, 0, 6, 5) inserted in REACHED with value 4
{(0, 1, 3, 8, 2, 4, 7, 6, 5): {(0, 1, 3, 8, 2, 4, 7, 6, 5), 4},
 (0, 1, 4, 8, 3, 2, 7, 6, 5): {(0, 1, 4, 8, 3, 2, 7, 6, 5), 4},
 (0, 3, 4, 1, 8, 2, 7, 6, 5): {(0, 3, 4, 1, 8, 2, 7, 6, 5), 4},
 (1, 0, 3, 8, 2, 4, 7, 6, 5): {(1, 0, 3, 8, 2, 4, 7, 6, 5), 3},
 (1, 0, 4, 8, 3, 2, 7, 6, 5): {(1, 0, 4, 8, 3, 2, 7, 6, 5), 3},
 (1, 0, 4, 8, 3, 5, 7, 2, 6): {(1, 0, 4, 8, 3, 5, 7, 2, 6), 3},
 (1, 2, 3, 8, 0, 4, 7, 6, 5): {(1, 2, 3, 8, 0, 4, 7, 6, 5), 4},
 (1, 3, 0, 8, 2, 4, 7, 6, 5): {(1, 3, 0, 8, 2, 4, 7, 6, 5), 2},
 (1, 3, 4, 0, 2, 5, 8, 7, 6): {(1, 3, 4, 0, 2, 5, 8, 7, 6), 3},
 (1, 3, 4, 0, 8, 2, 7, 6, 5): {(1, 3, 4, 0, 8, 2, 7, 6, 5), 3},
 (1, 3, 4, 0, 8, 5, 7, 2, 6): {(1, 3, 4, 0, 8, 5, 7, 2, 6), 3},
 (1, 3, 4, 7, 8, 2, 0, 6, 5): {(1, 3, 4, 7, 8, 2, 0, 6, 5), 4},
 (1, 3, 4, 8, 0, 2, 7, 6, 5): {(1, 3, 4, 8, 0, 2, 7, 6, 5), 2},
 (1, 3, 4, 8, 0, 5, 7, 2, 6): {(1, 3, 4, 8, 0, 5, 7, 2, 6), 2},
 (1, 3, 4, 8, 2, 0, 7, 6, 5): {(1, 3, 4, 8, 2, 0, 7, 6, 5), 1},
 (1, 3, 4, 8, 2, 5, 0, 7, 6): {(1, 3, 4, 8, 2, 5, 0, 7, 6), 2},
 (1, 3, 4, 8, 2, 5, 7, 0, 6): {(1, 3, 4, 8, 2, 5, 7, 0, 6), 1},
 (1, 3, 4, 8, 2, 5, 7, 6, 0): {(1, 3, 4, 8, 2, 5, 7, 6, 0), 0},
 (1, 3, 4, 8, 5, 0, 7, 2, 6): {(1, 3, 4, 8, 5, 0, 7, 2, 6), 3},
 (1, 3, 4, 8, 6, 2, 0, 7, 5): {(1, 3, 4, 8, 6, 2, 0, 7, 5), 4},
 (1, 3, 4, 8, 6, 2, 7, 0, 5): {(1, 3, 4, 8, 6, 2, 7, 0, 5), 3},
 (1, 3, 4, 8, 6, 2, 7, 5, 0): {(1, 3, 4, 8, 6, 2, 7, 5, 0), 4},
 (1, 4, 0, 8, 3, 2, 7, 6, 5): {(1, 4, 0, 8, 3, 2, 7, 6, 5), 4}}
---
{(1, 3, 4, 7, 8, 2, 0, 6, 5), 4} inserted in PRIORITY QUEUE with priority 1
[(1, {(1, 0, 4, 8, 3, 5, 7, 2, 6), 3}),
 (1, {(1, 3, 4, 0, 8, 5, 7, 2, 6), 3}),
 (1, {(1, 3, 4, 8, 5, 0, 7, 2, 6), 3}),
 (1, {(1, 3, 4, 0, 2, 5, 8, 7, 6), 3}),
 (1, {(1, 2, 3, 8, 0, 4, 7, 6, 5), 4}),
 (1, {(0, 1, 3, 8, 2, 4, 7, 6, 5), 4}),
 (1, {(0, 1, 4, 8, 3, 2, 7, 6, 5), 4}),
 (1, {(1, 4, 0, 8, 3, 2, 7, 6, 5), 4}),
 (1, {(1, 3, 4, 8, 6, 2, 0, 7, 5), 4}),
 (1, {(1, 3, 4, 8, 6, 2, 7, 5, 0), 4}),
 (1, {(0, 3, 4, 1, 8, 2, 7, 6, 5), 4}),
 (1, {(1, 3, 4, 7, 8, 2, 0, 6, 5), 4})]
---
{(1, 0, 4, 8, 3, 5, 7, 2, 6), 3} removed from PRIORITY QUEUE
[(1, {(1, 3, 4, 0, 8, 5, 7, 2, 6), 3}),
 (1, {(1, 3, 4, 8, 5, 0, 7, 2, 6), 3}),
 (1, {(1, 3, 4, 0, 2, 5, 8, 7, 6), 3}),
 (1, {(1, 2, 3, 8, 0, 4, 7, 6, 5), 4}),
 (1, {(0, 1, 3, 8, 2, 4, 7, 6, 5), 4}),
 (1, {(0, 1, 4, 8, 3, 2, 7, 6, 5), 4}),
 (1, {(1, 4, 0, 8, 3, 2, 7, 6, 5), 4}),
 (1, {(1, 3, 4, 8, 6, 2, 0, 7, 5), 4}),
 (1, {(1, 3, 4, 8, 6, 2, 7, 5, 0), 4}),
 (1, {(0, 3, 4, 1, 8, 2, 7, 6, 5), 4}),
 (1, {(1, 3, 4, 7, 8, 2, 0, 6, 5), 4})]
---
(0, 1, 4, 8, 3, 5, 7, 2, 6) inserted in REACHED with value 4
{(0, 1, 3, 8, 2, 4, 7, 6, 5): {(0, 1, 3, 8, 2, 4, 7, 6, 5), 4},
 (0, 1, 4, 8, 3, 2, 7, 6, 5): {(0, 1, 4, 8, 3, 2, 7, 6, 5), 4},
 (0, 1, 4, 8, 3, 5, 7, 2, 6): {(0, 1, 4, 8, 3, 5, 7, 2, 6), 4},
 (0, 3, 4, 1, 8, 2, 7, 6, 5): {(0, 3, 4, 1, 8, 2, 7, 6, 5), 4},
 (1, 0, 3, 8, 2, 4, 7, 6, 5): {(1, 0, 3, 8, 2, 4, 7, 6, 5), 3},
 (1, 0, 4, 8, 3, 2, 7, 6, 5): {(1, 0, 4, 8, 3, 2, 7, 6, 5), 3},
 (1, 0, 4, 8, 3, 5, 7, 2, 6): {(1, 0, 4, 8, 3, 5, 7, 2, 6), 3},
 (1, 2, 3, 8, 0, 4, 7, 6, 5): {(1, 2, 3, 8, 0, 4, 7, 6, 5), 4},
 (1, 3, 0, 8, 2, 4, 7, 6, 5): {(1, 3, 0, 8, 2, 4, 7, 6, 5), 2},
 (1, 3, 4, 0, 2, 5, 8, 7, 6): {(1, 3, 4, 0, 2, 5, 8, 7, 6), 3},
 (1, 3, 4, 0, 8, 2, 7, 6, 5): {(1, 3, 4, 0, 8, 2, 7, 6, 5), 3},
 (1, 3, 4, 0, 8, 5, 7, 2, 6): {(1, 3, 4, 0, 8, 5, 7, 2, 6), 3},
 (1, 3, 4, 7, 8, 2, 0, 6, 5): {(1, 3, 4, 7, 8, 2, 0, 6, 5), 4},
 (1, 3, 4, 8, 0, 2, 7, 6, 5): {(1, 3, 4, 8, 0, 2, 7, 6, 5), 2},
 (1, 3, 4, 8, 0, 5, 7, 2, 6): {(1, 3, 4, 8, 0, 5, 7, 2, 6), 2},
 (1, 3, 4, 8, 2, 0, 7, 6, 5): {(1, 3, 4, 8, 2, 0, 7, 6, 5), 1},
 (1, 3, 4, 8, 2, 5, 0, 7, 6): {(1, 3, 4, 8, 2, 5, 0, 7, 6), 2},
 (1, 3, 4, 8, 2, 5, 7, 0, 6): {(1, 3, 4, 8, 2, 5, 7, 0, 6), 1},
 (1, 3, 4, 8, 2, 5, 7, 6, 0): {(1, 3, 4, 8, 2, 5, 7, 6, 0), 0},
 (1, 3, 4, 8, 5, 0, 7, 2, 6): {(1, 3, 4, 8, 5, 0, 7, 2, 6), 3},
 (1, 3, 4, 8, 6, 2, 0, 7, 5): {(1, 3, 4, 8, 6, 2, 0, 7, 5), 4},
 (1, 3, 4, 8, 6, 2, 7, 0, 5): {(1, 3, 4, 8, 6, 2, 7, 0, 5), 3},
 (1, 3, 4, 8, 6, 2, 7, 5, 0): {(1, 3, 4, 8, 6, 2, 7, 5, 0), 4},
 (1, 4, 0, 8, 3, 2, 7, 6, 5): {(1, 4, 0, 8, 3, 2, 7, 6, 5), 4}}
---
{(0, 1, 4, 8, 3, 5, 7, 2, 6), 4} inserted in PRIORITY QUEUE with priority 1
[(1, {(1, 3, 4, 0, 8, 5, 7, 2, 6), 3}),
 (1, {(1, 3, 4, 8, 5, 0, 7, 2, 6), 3}),
 (1, {(1, 3, 4, 0, 2, 5, 8, 7, 6), 3}),
 (1, {(1, 2, 3, 8, 0, 4, 7, 6, 5), 4}),
 (1, {(0, 1, 3, 8, 2, 4, 7, 6, 5), 4}),
 (1, {(0, 1, 4, 8, 3, 2, 7, 6, 5), 4}),
 (1, {(1, 4, 0, 8, 3, 2, 7, 6, 5), 4}),
 (1, {(1, 3, 4, 8, 6, 2, 0, 7, 5), 4}),
 (1, {(1, 3, 4, 8, 6, 2, 7, 5, 0), 4}),
 (1, {(0, 3, 4, 1, 8, 2, 7, 6, 5), 4}),
 (1, {(1, 3, 4, 7, 8, 2, 0, 6, 5), 4}),
 (1, {(0, 1, 4, 8, 3, 5, 7, 2, 6), 4})]
---
(1, 4, 0, 8, 3, 5, 7, 2, 6) inserted in REACHED with value 4
{(0, 1, 3, 8, 2, 4, 7, 6, 5): {(0, 1, 3, 8, 2, 4, 7, 6, 5), 4},
 (0, 1, 4, 8, 3, 2, 7, 6, 5): {(0, 1, 4, 8, 3, 2, 7, 6, 5), 4},
 (0, 1, 4, 8, 3, 5, 7, 2, 6): {(0, 1, 4, 8, 3, 5, 7, 2, 6), 4},
 (0, 3, 4, 1, 8, 2, 7, 6, 5): {(0, 3, 4, 1, 8, 2, 7, 6, 5), 4},
 (1, 0, 3, 8, 2, 4, 7, 6, 5): {(1, 0, 3, 8, 2, 4, 7, 6, 5), 3},
 (1, 0, 4, 8, 3, 2, 7, 6, 5): {(1, 0, 4, 8, 3, 2, 7, 6, 5), 3},
 (1, 0, 4, 8, 3, 5, 7, 2, 6): {(1, 0, 4, 8, 3, 5, 7, 2, 6), 3},
 (1, 2, 3, 8, 0, 4, 7, 6, 5): {(1, 2, 3, 8, 0, 4, 7, 6, 5), 4},
 (1, 3, 0, 8, 2, 4, 7, 6, 5): {(1, 3, 0, 8, 2, 4, 7, 6, 5), 2},
 (1, 3, 4, 0, 2, 5, 8, 7, 6): {(1, 3, 4, 0, 2, 5, 8, 7, 6), 3},
 (1, 3, 4, 0, 8, 2, 7, 6, 5): {(1, 3, 4, 0, 8, 2, 7, 6, 5), 3},
 (1, 3, 4, 0, 8, 5, 7, 2, 6): {(1, 3, 4, 0, 8, 5, 7, 2, 6), 3},
 (1, 3, 4, 7, 8, 2, 0, 6, 5): {(1, 3, 4, 7, 8, 2, 0, 6, 5), 4},
 (1, 3, 4, 8, 0, 2, 7, 6, 5): {(1, 3, 4, 8, 0, 2, 7, 6, 5), 2},
 (1, 3, 4, 8, 0, 5, 7, 2, 6): {(1, 3, 4, 8, 0, 5, 7, 2, 6), 2},
 (1, 3, 4, 8, 2, 0, 7, 6, 5): {(1, 3, 4, 8, 2, 0, 7, 6, 5), 1},
 (1, 3, 4, 8, 2, 5, 0, 7, 6): {(1, 3, 4, 8, 2, 5, 0, 7, 6), 2},
 (1, 3, 4, 8, 2, 5, 7, 0, 6): {(1, 3, 4, 8, 2, 5, 7, 0, 6), 1},
 (1, 3, 4, 8, 2, 5, 7, 6, 0): {(1, 3, 4, 8, 2, 5, 7, 6, 0), 0},
 (1, 3, 4, 8, 5, 0, 7, 2, 6): {(1, 3, 4, 8, 5, 0, 7, 2, 6), 3},
 (1, 3, 4, 8, 6, 2, 0, 7, 5): {(1, 3, 4, 8, 6, 2, 0, 7, 5), 4},
 (1, 3, 4, 8, 6, 2, 7, 0, 5): {(1, 3, 4, 8, 6, 2, 7, 0, 5), 3},
 (1, 3, 4, 8, 6, 2, 7, 5, 0): {(1, 3, 4, 8, 6, 2, 7, 5, 0), 4},
 (1, 4, 0, 8, 3, 2, 7, 6, 5): {(1, 4, 0, 8, 3, 2, 7, 6, 5), 4},
 (1, 4, 0, 8, 3, 5, 7, 2, 6): {(1, 4, 0, 8, 3, 5, 7, 2, 6), 4}}
---
{(1, 4, 0, 8, 3, 5, 7, 2, 6), 4} inserted in PRIORITY QUEUE with priority 1
[(1, {(1, 3, 4, 0, 8, 5, 7, 2, 6), 3}),
 (1, {(1, 3, 4, 8, 5, 0, 7, 2, 6), 3}),
 (1, {(1, 3, 4, 0, 2, 5, 8, 7, 6), 3}),
 (1, {(1, 2, 3, 8, 0, 4, 7, 6, 5), 4}),
 (1, {(0, 1, 3, 8, 2, 4, 7, 6, 5), 4}),
 (1, {(0, 1, 4, 8, 3, 2, 7, 6, 5), 4}),
 (1, {(1, 4, 0, 8, 3, 2, 7, 6, 5), 4}),
 (1, {(1, 3, 4, 8, 6, 2, 0, 7, 5), 4}),
 (1, {(1, 3, 4, 8, 6, 2, 7, 5, 0), 4}),
 (1, {(0, 3, 4, 1, 8, 2, 7, 6, 5), 4}),
 (1, {(1, 3, 4, 7, 8, 2, 0, 6, 5), 4}),
 (1, {(0, 1, 4, 8, 3, 5, 7, 2, 6), 4}),
 (1, {(1, 4, 0, 8, 3, 5, 7, 2, 6), 4})]
---
{(1, 3, 4, 0, 8, 5, 7, 2, 6), 3} removed from PRIORITY QUEUE
[(1, {(1, 3, 4, 8, 5, 0, 7, 2, 6), 3}),
 (1, {(1, 3, 4, 0, 2, 5, 8, 7, 6), 3}),
 (1, {(1, 2, 3, 8, 0, 4, 7, 6, 5), 4}),
 (1, {(0, 1, 3, 8, 2, 4, 7, 6, 5), 4}),
 (1, {(0, 1, 4, 8, 3, 2, 7, 6, 5), 4}),
 (1, {(1, 4, 0, 8, 3, 2, 7, 6, 5), 4}),
 (1, {(1, 3, 4, 8, 6, 2, 0, 7, 5), 4}),
 (1, {(1, 3, 4, 8, 6, 2, 7, 5, 0), 4}),
 (1, {(0, 3, 4, 1, 8, 2, 7, 6, 5), 4}),
 (1, {(1, 3, 4, 7, 8, 2, 0, 6, 5), 4}),
 (1, {(0, 1, 4, 8, 3, 5, 7, 2, 6), 4}),
 (1, {(1, 4, 0, 8, 3, 5, 7, 2, 6), 4})]
---
(0, 3, 4, 1, 8, 5, 7, 2, 6) inserted in REACHED with value 4
{(0, 1, 3, 8, 2, 4, 7, 6, 5): {(0, 1, 3, 8, 2, 4, 7, 6, 5), 4},
 (0, 1, 4, 8, 3, 2, 7, 6, 5): {(0, 1, 4, 8, 3, 2, 7, 6, 5), 4},
 (0, 1, 4, 8, 3, 5, 7, 2, 6): {(0, 1, 4, 8, 3, 5, 7, 2, 6), 4},
 (0, 3, 4, 1, 8, 2, 7, 6, 5): {(0, 3, 4, 1, 8, 2, 7, 6, 5), 4},
 (0, 3, 4, 1, 8, 5, 7, 2, 6): {(0, 3, 4, 1, 8, 5, 7, 2, 6), 4},
 (1, 0, 3, 8, 2, 4, 7, 6, 5): {(1, 0, 3, 8, 2, 4, 7, 6, 5), 3},
 (1, 0, 4, 8, 3, 2, 7, 6, 5): {(1, 0, 4, 8, 3, 2, 7, 6, 5), 3},
 (1, 0, 4, 8, 3, 5, 7, 2, 6): {(1, 0, 4, 8, 3, 5, 7, 2, 6), 3},
 (1, 2, 3, 8, 0, 4, 7, 6, 5): {(1, 2, 3, 8, 0, 4, 7, 6, 5), 4},
 (1, 3, 0, 8, 2, 4, 7, 6, 5): {(1, 3, 0, 8, 2, 4, 7, 6, 5), 2},
 (1, 3, 4, 0, 2, 5, 8, 7, 6): {(1, 3, 4, 0, 2, 5, 8, 7, 6), 3},
 (1, 3, 4, 0, 8, 2, 7, 6, 5): {(1, 3, 4, 0, 8, 2, 7, 6, 5), 3},
 (1, 3, 4, 0, 8, 5, 7, 2, 6): {(1, 3, 4, 0, 8, 5, 7, 2, 6), 3},
 (1, 3, 4, 7, 8, 2, 0, 6, 5): {(1, 3, 4, 7, 8, 2, 0, 6, 5), 4},
 (1, 3, 4, 8, 0, 2, 7, 6, 5): {(1, 3, 4, 8, 0, 2, 7, 6, 5), 2},
 (1, 3, 4, 8, 0, 5, 7, 2, 6): {(1, 3, 4, 8, 0, 5, 7, 2, 6), 2},
 (1, 3, 4, 8, 2, 0, 7, 6, 5): {(1, 3, 4, 8, 2, 0, 7, 6, 5), 1},
 (1, 3, 4, 8, 2, 5, 0, 7, 6): {(1, 3, 4, 8, 2, 5, 0, 7, 6), 2},
 (1, 3, 4, 8, 2, 5, 7, 0, 6): {(1, 3, 4, 8, 2, 5, 7, 0, 6), 1},
 (1, 3, 4, 8, 2, 5, 7, 6, 0): {(1, 3, 4, 8, 2, 5, 7, 6, 0), 0},
 (1, 3, 4, 8, 5, 0, 7, 2, 6): {(1, 3, 4, 8, 5, 0, 7, 2, 6), 3},
 (1, 3, 4, 8, 6, 2, 0, 7, 5): {(1, 3, 4, 8, 6, 2, 0, 7, 5), 4},
 (1, 3, 4, 8, 6, 2, 7, 0, 5): {(1, 3, 4, 8, 6, 2, 7, 0, 5), 3},
 (1, 3, 4, 8, 6, 2, 7, 5, 0): {(1, 3, 4, 8, 6, 2, 7, 5, 0), 4},
 (1, 4, 0, 8, 3, 2, 7, 6, 5): {(1, 4, 0, 8, 3, 2, 7, 6, 5), 4},
 (1, 4, 0, 8, 3, 5, 7, 2, 6): {(1, 4, 0, 8, 3, 5, 7, 2, 6), 4}}
---
{(0, 3, 4, 1, 8, 5, 7, 2, 6), 4} inserted in PRIORITY QUEUE with priority 1
[(1, {(1, 3, 4, 8, 5, 0, 7, 2, 6), 3}),
 (1, {(1, 3, 4, 0, 2, 5, 8, 7, 6), 3}),
 (1, {(1, 2, 3, 8, 0, 4, 7, 6, 5), 4}),
 (1, {(0, 1, 3, 8, 2, 4, 7, 6, 5), 4}),
 (1, {(0, 1, 4, 8, 3, 2, 7, 6, 5), 4}),
 (1, {(1, 4, 0, 8, 3, 2, 7, 6, 5), 4}),
 (1, {(1, 3, 4, 8, 6, 2, 0, 7, 5), 4}),
 (1, {(1, 3, 4, 8, 6, 2, 7, 5, 0), 4}),
 (1, {(0, 3, 4, 1, 8, 2, 7, 6, 5), 4}),
 (1, {(1, 3, 4, 7, 8, 2, 0, 6, 5), 4}),
 (1, {(0, 1, 4, 8, 3, 5, 7, 2, 6), 4}),
 (1, {(1, 4, 0, 8, 3, 5, 7, 2, 6), 4}),
 (1, {(0, 3, 4, 1, 8, 5, 7, 2, 6), 4})]
---
(1, 3, 4, 7, 8, 5, 0, 2, 6) inserted in REACHED with value 4
{(0, 1, 3, 8, 2, 4, 7, 6, 5): {(0, 1, 3, 8, 2, 4, 7, 6, 5), 4},
 (0, 1, 4, 8, 3, 2, 7, 6, 5): {(0, 1, 4, 8, 3, 2, 7, 6, 5), 4},
 (0, 1, 4, 8, 3, 5, 7, 2, 6): {(0, 1, 4, 8, 3, 5, 7, 2, 6), 4},
 (0, 3, 4, 1, 8, 2, 7, 6, 5): {(0, 3, 4, 1, 8, 2, 7, 6, 5), 4},
 (0, 3, 4, 1, 8, 5, 7, 2, 6): {(0, 3, 4, 1, 8, 5, 7, 2, 6), 4},
 (1, 0, 3, 8, 2, 4, 7, 6, 5): {(1, 0, 3, 8, 2, 4, 7, 6, 5), 3},
 (1, 0, 4, 8, 3, 2, 7, 6, 5): {(1, 0, 4, 8, 3, 2, 7, 6, 5), 3},
 (1, 0, 4, 8, 3, 5, 7, 2, 6): {(1, 0, 4, 8, 3, 5, 7, 2, 6), 3},
 (1, 2, 3, 8, 0, 4, 7, 6, 5): {(1, 2, 3, 8, 0, 4, 7, 6, 5), 4},
 (1, 3, 0, 8, 2, 4, 7, 6, 5): {(1, 3, 0, 8, 2, 4, 7, 6, 5), 2},
 (1, 3, 4, 0, 2, 5, 8, 7, 6): {(1, 3, 4, 0, 2, 5, 8, 7, 6), 3},
 (1, 3, 4, 0, 8, 2, 7, 6, 5): {(1, 3, 4, 0, 8, 2, 7, 6, 5), 3},
 (1, 3, 4, 0, 8, 5, 7, 2, 6): {(1, 3, 4, 0, 8, 5, 7, 2, 6), 3},
 (1, 3, 4, 7, 8, 2, 0, 6, 5): {(1, 3, 4, 7, 8, 2, 0, 6, 5), 4},
 (1, 3, 4, 7, 8, 5, 0, 2, 6): {(1, 3, 4, 7, 8, 5, 0, 2, 6), 4},
 (1, 3, 4, 8, 0, 2, 7, 6, 5): {(1, 3, 4, 8, 0, 2, 7, 6, 5), 2},
 (1, 3, 4, 8, 0, 5, 7, 2, 6): {(1, 3, 4, 8, 0, 5, 7, 2, 6), 2},
 (1, 3, 4, 8, 2, 0, 7, 6, 5): {(1, 3, 4, 8, 2, 0, 7, 6, 5), 1},
 (1, 3, 4, 8, 2, 5, 0, 7, 6): {(1, 3, 4, 8, 2, 5, 0, 7, 6), 2},
 (1, 3, 4, 8, 2, 5, 7, 0, 6): {(1, 3, 4, 8, 2, 5, 7, 0, 6), 1},
 (1, 3, 4, 8, 2, 5, 7, 6, 0): {(1, 3, 4, 8, 2, 5, 7, 6, 0), 0},
 (1, 3, 4, 8, 5, 0, 7, 2, 6): {(1, 3, 4, 8, 5, 0, 7, 2, 6), 3},
 (1, 3, 4, 8, 6, 2, 0, 7, 5): {(1, 3, 4, 8, 6, 2, 0, 7, 5), 4},
 (1, 3, 4, 8, 6, 2, 7, 0, 5): {(1, 3, 4, 8, 6, 2, 7, 0, 5), 3},
 (1, 3, 4, 8, 6, 2, 7, 5, 0): {(1, 3, 4, 8, 6, 2, 7, 5, 0), 4},
 (1, 4, 0, 8, 3, 2, 7, 6, 5): {(1, 4, 0, 8, 3, 2, 7, 6, 5), 4},
 (1, 4, 0, 8, 3, 5, 7, 2, 6): {(1, 4, 0, 8, 3, 5, 7, 2, 6), 4}}
---
{(1, 3, 4, 7, 8, 5, 0, 2, 6), 4} inserted in PRIORITY QUEUE with priority 1
[(1, {(1, 3, 4, 8, 5, 0, 7, 2, 6), 3}),
 (1, {(1, 3, 4, 0, 2, 5, 8, 7, 6), 3}),
 (1, {(1, 2, 3, 8, 0, 4, 7, 6, 5), 4}),
 (1, {(0, 1, 3, 8, 2, 4, 7, 6, 5), 4}),
 (1, {(0, 1, 4, 8, 3, 2, 7, 6, 5), 4}),
 (1, {(1, 4, 0, 8, 3, 2, 7, 6, 5), 4}),
 (1, {(1, 3, 4, 8, 6, 2, 0, 7, 5), 4}),
 (1, {(1, 3, 4, 8, 6, 2, 7, 5, 0), 4}),
 (1, {(0, 3, 4, 1, 8, 2, 7, 6, 5), 4}),
 (1, {(1, 3, 4, 7, 8, 2, 0, 6, 5), 4}),
 (1, {(0, 1, 4, 8, 3, 5, 7, 2, 6), 4}),
 (1, {(1, 4, 0, 8, 3, 5, 7, 2, 6), 4}),
 (1, {(0, 3, 4, 1, 8, 5, 7, 2, 6), 4}),
 (1, {(1, 3, 4, 7, 8, 5, 0, 2, 6), 4})]
---
{(1, 3, 4, 8, 5, 0, 7, 2, 6), 3} removed from PRIORITY QUEUE
[(1, {(1, 3, 4, 0, 2, 5, 8, 7, 6), 3}),
 (1, {(1, 2, 3, 8, 0, 4, 7, 6, 5), 4}),
 (1, {(0, 1, 3, 8, 2, 4, 7, 6, 5), 4}),
 (1, {(0, 1, 4, 8, 3, 2, 7, 6, 5), 4}),
 (1, {(1, 4, 0, 8, 3, 2, 7, 6, 5), 4}),
 (1, {(1, 3, 4, 8, 6, 2, 0, 7, 5), 4}),
 (1, {(1, 3, 4, 8, 6, 2, 7, 5, 0), 4}),
 (1, {(0, 3, 4, 1, 8, 2, 7, 6, 5), 4}),
 (1, {(1, 3, 4, 7, 8, 2, 0, 6, 5), 4}),
 (1, {(0, 1, 4, 8, 3, 5, 7, 2, 6), 4}),
 (1, {(1, 4, 0, 8, 3, 5, 7, 2, 6), 4}),
 (1, {(0, 3, 4, 1, 8, 5, 7, 2, 6), 4}),
 (1, {(1, 3, 4, 7, 8, 5, 0, 2, 6), 4})]
---
(1, 3, 0, 8, 5, 4, 7, 2, 6) inserted in REACHED with value 4
{(0, 1, 3, 8, 2, 4, 7, 6, 5): {(0, 1, 3, 8, 2, 4, 7, 6, 5), 4},
 (0, 1, 4, 8, 3, 2, 7, 6, 5): {(0, 1, 4, 8, 3, 2, 7, 6, 5), 4},
 (0, 1, 4, 8, 3, 5, 7, 2, 6): {(0, 1, 4, 8, 3, 5, 7, 2, 6), 4},
 (0, 3, 4, 1, 8, 2, 7, 6, 5): {(0, 3, 4, 1, 8, 2, 7, 6, 5), 4},
 (0, 3, 4, 1, 8, 5, 7, 2, 6): {(0, 3, 4, 1, 8, 5, 7, 2, 6), 4},
 (1, 0, 3, 8, 2, 4, 7, 6, 5): {(1, 0, 3, 8, 2, 4, 7, 6, 5), 3},
 (1, 0, 4, 8, 3, 2, 7, 6, 5): {(1, 0, 4, 8, 3, 2, 7, 6, 5), 3},
 (1, 0, 4, 8, 3, 5, 7, 2, 6): {(1, 0, 4, 8, 3, 5, 7, 2, 6), 3},
 (1, 2, 3, 8, 0, 4, 7, 6, 5): {(1, 2, 3, 8, 0, 4, 7, 6, 5), 4},
 (1, 3, 0, 8, 2, 4, 7, 6, 5): {(1, 3, 0, 8, 2, 4, 7, 6, 5), 2},
 (1, 3, 0, 8, 5, 4, 7, 2, 6): {(1, 3, 0, 8, 5, 4, 7, 2, 6), 4},
 (1, 3, 4, 0, 2, 5, 8, 7, 6): {(1, 3, 4, 0, 2, 5, 8, 7, 6), 3},
 (1, 3, 4, 0, 8, 2, 7, 6, 5): {(1, 3, 4, 0, 8, 2, 7, 6, 5), 3},
 (1, 3, 4, 0, 8, 5, 7, 2, 6): {(1, 3, 4, 0, 8, 5, 7, 2, 6), 3},
 (1, 3, 4, 7, 8, 2, 0, 6, 5): {(1, 3, 4, 7, 8, 2, 0, 6, 5), 4},
 (1, 3, 4, 7, 8, 5, 0, 2, 6): {(1, 3, 4, 7, 8, 5, 0, 2, 6), 4},
 (1, 3, 4, 8, 0, 2, 7, 6, 5): {(1, 3, 4, 8, 0, 2, 7, 6, 5), 2},
 (1, 3, 4, 8, 0, 5, 7, 2, 6): {(1, 3, 4, 8, 0, 5, 7, 2, 6), 2},
 (1, 3, 4, 8, 2, 0, 7, 6, 5): {(1, 3, 4, 8, 2, 0, 7, 6, 5), 1},
 (1, 3, 4, 8, 2, 5, 0, 7, 6): {(1, 3, 4, 8, 2, 5, 0, 7, 6), 2},
 (1, 3, 4, 8, 2, 5, 7, 0, 6): {(1, 3, 4, 8, 2, 5, 7, 0, 6), 1},
 (1, 3, 4, 8, 2, 5, 7, 6, 0): {(1, 3, 4, 8, 2, 5, 7, 6, 0), 0},
 (1, 3, 4, 8, 5, 0, 7, 2, 6): {(1, 3, 4, 8, 5, 0, 7, 2, 6), 3},
 (1, 3, 4, 8, 6, 2, 0, 7, 5): {(1, 3, 4, 8, 6, 2, 0, 7, 5), 4},
 (1, 3, 4, 8, 6, 2, 7, 0, 5): {(1, 3, 4, 8, 6, 2, 7, 0, 5), 3},
 (1, 3, 4, 8, 6, 2, 7, 5, 0): {(1, 3, 4, 8, 6, 2, 7, 5, 0), 4},
 (1, 4, 0, 8, 3, 2, 7, 6, 5): {(1, 4, 0, 8, 3, 2, 7, 6, 5), 4},
 (1, 4, 0, 8, 3, 5, 7, 2, 6): {(1, 4, 0, 8, 3, 5, 7, 2, 6), 4}}
---
{(1, 3, 0, 8, 5, 4, 7, 2, 6), 4} inserted in PRIORITY QUEUE with priority 1
[(1, {(1, 3, 4, 0, 2, 5, 8, 7, 6), 3}),
 (1, {(1, 2, 3, 8, 0, 4, 7, 6, 5), 4}),
 (1, {(0, 1, 3, 8, 2, 4, 7, 6, 5), 4}),
 (1, {(0, 1, 4, 8, 3, 2, 7, 6, 5), 4}),
 (1, {(1, 4, 0, 8, 3, 2, 7, 6, 5), 4}),
 (1, {(1, 3, 4, 8, 6, 2, 0, 7, 5), 4}),
 (1, {(1, 3, 4, 8, 6, 2, 7, 5, 0), 4}),
 (1, {(0, 3, 4, 1, 8, 2, 7, 6, 5), 4}),
 (1, {(1, 3, 4, 7, 8, 2, 0, 6, 5), 4}),
 (1, {(0, 1, 4, 8, 3, 5, 7, 2, 6), 4}),
 (1, {(1, 4, 0, 8, 3, 5, 7, 2, 6), 4}),
 (1, {(0, 3, 4, 1, 8, 5, 7, 2, 6), 4}),
 (1, {(1, 3, 4, 7, 8, 5, 0, 2, 6), 4}),
 (1, {(1, 3, 0, 8, 5, 4, 7, 2, 6), 4})]
---
(1, 3, 4, 8, 5, 6, 7, 2, 0) inserted in REACHED with value 4
{(0, 1, 3, 8, 2, 4, 7, 6, 5): {(0, 1, 3, 8, 2, 4, 7, 6, 5), 4},
 (0, 1, 4, 8, 3, 2, 7, 6, 5): {(0, 1, 4, 8, 3, 2, 7, 6, 5), 4},
 (0, 1, 4, 8, 3, 5, 7, 2, 6): {(0, 1, 4, 8, 3, 5, 7, 2, 6), 4},
 (0, 3, 4, 1, 8, 2, 7, 6, 5): {(0, 3, 4, 1, 8, 2, 7, 6, 5), 4},
 (0, 3, 4, 1, 8, 5, 7, 2, 6): {(0, 3, 4, 1, 8, 5, 7, 2, 6), 4},
 (1, 0, 3, 8, 2, 4, 7, 6, 5): {(1, 0, 3, 8, 2, 4, 7, 6, 5), 3},
 (1, 0, 4, 8, 3, 2, 7, 6, 5): {(1, 0, 4, 8, 3, 2, 7, 6, 5), 3},
 (1, 0, 4, 8, 3, 5, 7, 2, 6): {(1, 0, 4, 8, 3, 5, 7, 2, 6), 3},
 (1, 2, 3, 8, 0, 4, 7, 6, 5): {(1, 2, 3, 8, 0, 4, 7, 6, 5), 4},
 (1, 3, 0, 8, 2, 4, 7, 6, 5): {(1, 3, 0, 8, 2, 4, 7, 6, 5), 2},
 (1, 3, 0, 8, 5, 4, 7, 2, 6): {(1, 3, 0, 8, 5, 4, 7, 2, 6), 4},
 (1, 3, 4, 0, 2, 5, 8, 7, 6): {(1, 3, 4, 0, 2, 5, 8, 7, 6), 3},
 (1, 3, 4, 0, 8, 2, 7, 6, 5): {(1, 3, 4, 0, 8, 2, 7, 6, 5), 3},
 (1, 3, 4, 0, 8, 5, 7, 2, 6): {(1, 3, 4, 0, 8, 5, 7, 2, 6), 3},
 (1, 3, 4, 7, 8, 2, 0, 6, 5): {(1, 3, 4, 7, 8, 2, 0, 6, 5), 4},
 (1, 3, 4, 7, 8, 5, 0, 2, 6): {(1, 3, 4, 7, 8, 5, 0, 2, 6), 4},
 (1, 3, 4, 8, 0, 2, 7, 6, 5): {(1, 3, 4, 8, 0, 2, 7, 6, 5), 2},
 (1, 3, 4, 8, 0, 5, 7, 2, 6): {(1, 3, 4, 8, 0, 5, 7, 2, 6), 2},
 (1, 3, 4, 8, 2, 0, 7, 6, 5): {(1, 3, 4, 8, 2, 0, 7, 6, 5), 1},
 (1, 3, 4, 8, 2, 5, 0, 7, 6): {(1, 3, 4, 8, 2, 5, 0, 7, 6), 2},
 (1, 3, 4, 8, 2, 5, 7, 0, 6): {(1, 3, 4, 8, 2, 5, 7, 0, 6), 1},
 (1, 3, 4, 8, 2, 5, 7, 6, 0): {(1, 3, 4, 8, 2, 5, 7, 6, 0), 0},
 (1, 3, 4, 8, 5, 0, 7, 2, 6): {(1, 3, 4, 8, 5, 0, 7, 2, 6), 3},
 (1, 3, 4, 8, 5, 6, 7, 2, 0): {(1, 3, 4, 8, 5, 6, 7, 2, 0), 4},
 (1, 3, 4, 8, 6, 2, 0, 7, 5): {(1, 3, 4, 8, 6, 2, 0, 7, 5), 4},
 (1, 3, 4, 8, 6, 2, 7, 0, 5): {(1, 3, 4, 8, 6, 2, 7, 0, 5), 3},
 (1, 3, 4, 8, 6, 2, 7, 5, 0): {(1, 3, 4, 8, 6, 2, 7, 5, 0), 4},
 (1, 4, 0, 8, 3, 2, 7, 6, 5): {(1, 4, 0, 8, 3, 2, 7, 6, 5), 4},
 (1, 4, 0, 8, 3, 5, 7, 2, 6): {(1, 4, 0, 8, 3, 5, 7, 2, 6), 4}}
---
{(1, 3, 4, 8, 5, 6, 7, 2, 0), 4} inserted in PRIORITY QUEUE with priority 1
[(1, {(1, 3, 4, 0, 2, 5, 8, 7, 6), 3}),
 (1, {(1, 2, 3, 8, 0, 4, 7, 6, 5), 4}),
 (1, {(0, 1, 3, 8, 2, 4, 7, 6, 5), 4}),
 (1, {(0, 1, 4, 8, 3, 2, 7, 6, 5), 4}),
 (1, {(1, 4, 0, 8, 3, 2, 7, 6, 5), 4}),
 (1, {(1, 3, 4, 8, 6, 2, 0, 7, 5), 4}),
 (1, {(1, 3, 4, 8, 6, 2, 7, 5, 0), 4}),
 (1, {(0, 3, 4, 1, 8, 2, 7, 6, 5), 4}),
 (1, {(1, 3, 4, 7, 8, 2, 0, 6, 5), 4}),
 (1, {(0, 1, 4, 8, 3, 5, 7, 2, 6), 4}),
 (1, {(1, 4, 0, 8, 3, 5, 7, 2, 6), 4}),
 (1, {(0, 3, 4, 1, 8, 5, 7, 2, 6), 4}),
 (1, {(1, 3, 4, 7, 8, 5, 0, 2, 6), 4}),
 (1, {(1, 3, 0, 8, 5, 4, 7, 2, 6), 4}),
 (1, {(1, 3, 4, 8, 5, 6, 7, 2, 0), 4})]
---
{(1, 3, 4, 0, 2, 5, 8, 7, 6), 3} removed from PRIORITY QUEUE
[(1, {(1, 2, 3, 8, 0, 4, 7, 6, 5), 4}),
 (1, {(0, 1, 3, 8, 2, 4, 7, 6, 5), 4}),
 (1, {(0, 1, 4, 8, 3, 2, 7, 6, 5), 4}),
 (1, {(1, 4, 0, 8, 3, 2, 7, 6, 5), 4}),
 (1, {(1, 3, 4, 8, 6, 2, 0, 7, 5), 4}),
 (1, {(1, 3, 4, 8, 6, 2, 7, 5, 0), 4}),
 (1, {(0, 3, 4, 1, 8, 2, 7, 6, 5), 4}),
 (1, {(1, 3, 4, 7, 8, 2, 0, 6, 5), 4}),
 (1, {(0, 1, 4, 8, 3, 5, 7, 2, 6), 4}),
 (1, {(1, 4, 0, 8, 3, 5, 7, 2, 6), 4}),
 (1, {(0, 3, 4, 1, 8, 5, 7, 2, 6), 4}),
 (1, {(1, 3, 4, 7, 8, 5, 0, 2, 6), 4}),
 (1, {(1, 3, 0, 8, 5, 4, 7, 2, 6), 4}),
 (1, {(1, 3, 4, 8, 5, 6, 7, 2, 0), 4})]
---
(0, 3, 4, 1, 2, 5, 8, 7, 6) inserted in REACHED with value 4
{(0, 1, 3, 8, 2, 4, 7, 6, 5): {(0, 1, 3, 8, 2, 4, 7, 6, 5), 4},
 (0, 1, 4, 8, 3, 2, 7, 6, 5): {(0, 1, 4, 8, 3, 2, 7, 6, 5), 4},
 (0, 1, 4, 8, 3, 5, 7, 2, 6): {(0, 1, 4, 8, 3, 5, 7, 2, 6), 4},
 (0, 3, 4, 1, 2, 5, 8, 7, 6): {(0, 3, 4, 1, 2, 5, 8, 7, 6), 4},
 (0, 3, 4, 1, 8, 2, 7, 6, 5): {(0, 3, 4, 1, 8, 2, 7, 6, 5), 4},
 (0, 3, 4, 1, 8, 5, 7, 2, 6): {(0, 3, 4, 1, 8, 5, 7, 2, 6), 4},
 (1, 0, 3, 8, 2, 4, 7, 6, 5): {(1, 0, 3, 8, 2, 4, 7, 6, 5), 3},
 (1, 0, 4, 8, 3, 2, 7, 6, 5): {(1, 0, 4, 8, 3, 2, 7, 6, 5), 3},
 (1, 0, 4, 8, 3, 5, 7, 2, 6): {(1, 0, 4, 8, 3, 5, 7, 2, 6), 3},
 (1, 2, 3, 8, 0, 4, 7, 6, 5): {(1, 2, 3, 8, 0, 4, 7, 6, 5), 4},
 (1, 3, 0, 8, 2, 4, 7, 6, 5): {(1, 3, 0, 8, 2, 4, 7, 6, 5), 2},
 (1, 3, 0, 8, 5, 4, 7, 2, 6): {(1, 3, 0, 8, 5, 4, 7, 2, 6), 4},
 (1, 3, 4, 0, 2, 5, 8, 7, 6): {(1, 3, 4, 0, 2, 5, 8, 7, 6), 3},
 (1, 3, 4, 0, 8, 2, 7, 6, 5): {(1, 3, 4, 0, 8, 2, 7, 6, 5), 3},
 (1, 3, 4, 0, 8, 5, 7, 2, 6): {(1, 3, 4, 0, 8, 5, 7, 2, 6), 3},
 (1, 3, 4, 7, 8, 2, 0, 6, 5): {(1, 3, 4, 7, 8, 2, 0, 6, 5), 4},
 (1, 3, 4, 7, 8, 5, 0, 2, 6): {(1, 3, 4, 7, 8, 5, 0, 2, 6), 4},
 (1, 3, 4, 8, 0, 2, 7, 6, 5): {(1, 3, 4, 8, 0, 2, 7, 6, 5), 2},
 (1, 3, 4, 8, 0, 5, 7, 2, 6): {(1, 3, 4, 8, 0, 5, 7, 2, 6), 2},
 (1, 3, 4, 8, 2, 0, 7, 6, 5): {(1, 3, 4, 8, 2, 0, 7, 6, 5), 1},
 (1, 3, 4, 8, 2, 5, 0, 7, 6): {(1, 3, 4, 8, 2, 5, 0, 7, 6), 2},
 (1, 3, 4, 8, 2, 5, 7, 0, 6): {(1, 3, 4, 8, 2, 5, 7, 0, 6), 1},
 (1, 3, 4, 8, 2, 5, 7, 6, 0): {(1, 3, 4, 8, 2, 5, 7, 6, 0), 0},
 (1, 3, 4, 8, 5, 0, 7, 2, 6): {(1, 3, 4, 8, 5, 0, 7, 2, 6), 3},
 (1, 3, 4, 8, 5, 6, 7, 2, 0): {(1, 3, 4, 8, 5, 6, 7, 2, 0), 4},
 (1, 3, 4, 8, 6, 2, 0, 7, 5): {(1, 3, 4, 8, 6, 2, 0, 7, 5), 4},
 (1, 3, 4, 8, 6, 2, 7, 0, 5): {(1, 3, 4, 8, 6, 2, 7, 0, 5), 3},
 (1, 3, 4, 8, 6, 2, 7, 5, 0): {(1, 3, 4, 8, 6, 2, 7, 5, 0), 4},
 (1, 4, 0, 8, 3, 2, 7, 6, 5): {(1, 4, 0, 8, 3, 2, 7, 6, 5), 4},
 (1, 4, 0, 8, 3, 5, 7, 2, 6): {(1, 4, 0, 8, 3, 5, 7, 2, 6), 4}}
---
{(0, 3, 4, 1, 2, 5, 8, 7, 6), 4} inserted in PRIORITY QUEUE with priority 1
[(1, {(1, 2, 3, 8, 0, 4, 7, 6, 5), 4}),
 (1, {(0, 1, 3, 8, 2, 4, 7, 6, 5), 4}),
 (1, {(0, 1, 4, 8, 3, 2, 7, 6, 5), 4}),
 (1, {(1, 4, 0, 8, 3, 2, 7, 6, 5), 4}),
 (1, {(1, 3, 4, 8, 6, 2, 0, 7, 5), 4}),
 (1, {(1, 3, 4, 8, 6, 2, 7, 5, 0), 4}),
 (1, {(0, 3, 4, 1, 8, 2, 7, 6, 5), 4}),
 (1, {(1, 3, 4, 7, 8, 2, 0, 6, 5), 4}),
 (1, {(0, 1, 4, 8, 3, 5, 7, 2, 6), 4}),
 (1, {(1, 4, 0, 8, 3, 5, 7, 2, 6), 4}),
 (1, {(0, 3, 4, 1, 8, 5, 7, 2, 6), 4}),
 (1, {(1, 3, 4, 7, 8, 5, 0, 2, 6), 4}),
 (1, {(1, 3, 0, 8, 5, 4, 7, 2, 6), 4}),
 (1, {(1, 3, 4, 8, 5, 6, 7, 2, 0), 4}),
 (1, {(0, 3, 4, 1, 2, 5, 8, 7, 6), 4})]
---
(1, 3, 4, 2, 0, 5, 8, 7, 6) inserted in REACHED with value 4
{(0, 1, 3, 8, 2, 4, 7, 6, 5): {(0, 1, 3, 8, 2, 4, 7, 6, 5), 4},
 (0, 1, 4, 8, 3, 2, 7, 6, 5): {(0, 1, 4, 8, 3, 2, 7, 6, 5), 4},
 (0, 1, 4, 8, 3, 5, 7, 2, 6): {(0, 1, 4, 8, 3, 5, 7, 2, 6), 4},
 (0, 3, 4, 1, 2, 5, 8, 7, 6): {(0, 3, 4, 1, 2, 5, 8, 7, 6), 4},
 (0, 3, 4, 1, 8, 2, 7, 6, 5): {(0, 3, 4, 1, 8, 2, 7, 6, 5), 4},
 (0, 3, 4, 1, 8, 5, 7, 2, 6): {(0, 3, 4, 1, 8, 5, 7, 2, 6), 4},
 (1, 0, 3, 8, 2, 4, 7, 6, 5): {(1, 0, 3, 8, 2, 4, 7, 6, 5), 3},
 (1, 0, 4, 8, 3, 2, 7, 6, 5): {(1, 0, 4, 8, 3, 2, 7, 6, 5), 3},
 (1, 0, 4, 8, 3, 5, 7, 2, 6): {(1, 0, 4, 8, 3, 5, 7, 2, 6), 3},
 (1, 2, 3, 8, 0, 4, 7, 6, 5): {(1, 2, 3, 8, 0, 4, 7, 6, 5), 4},
 (1, 3, 0, 8, 2, 4, 7, 6, 5): {(1, 3, 0, 8, 2, 4, 7, 6, 5), 2},
 (1, 3, 0, 8, 5, 4, 7, 2, 6): {(1, 3, 0, 8, 5, 4, 7, 2, 6), 4},
 (1, 3, 4, 0, 2, 5, 8, 7, 6): {(1, 3, 4, 0, 2, 5, 8, 7, 6), 3},
 (1, 3, 4, 0, 8, 2, 7, 6, 5): {(1, 3, 4, 0, 8, 2, 7, 6, 5), 3},
 (1, 3, 4, 0, 8, 5, 7, 2, 6): {(1, 3, 4, 0, 8, 5, 7, 2, 6), 3},
 (1, 3, 4, 2, 0, 5, 8, 7, 6): {(1, 3, 4, 2, 0, 5, 8, 7, 6), 4},
 (1, 3, 4, 7, 8, 2, 0, 6, 5): {(1, 3, 4, 7, 8, 2, 0, 6, 5), 4},
 (1, 3, 4, 7, 8, 5, 0, 2, 6): {(1, 3, 4, 7, 8, 5, 0, 2, 6), 4},
 (1, 3, 4, 8, 0, 2, 7, 6, 5): {(1, 3, 4, 8, 0, 2, 7, 6, 5), 2},
 (1, 3, 4, 8, 0, 5, 7, 2, 6): {(1, 3, 4, 8, 0, 5, 7, 2, 6), 2},
 (1, 3, 4, 8, 2, 0, 7, 6, 5): {(1, 3, 4, 8, 2, 0, 7, 6, 5), 1},
 (1, 3, 4, 8, 2, 5, 0, 7, 6): {(1, 3, 4, 8, 2, 5, 0, 7, 6), 2},
 (1, 3, 4, 8, 2, 5, 7, 0, 6): {(1, 3, 4, 8, 2, 5, 7, 0, 6), 1},
 (1, 3, 4, 8, 2, 5, 7, 6, 0): {(1, 3, 4, 8, 2, 5, 7, 6, 0), 0},
 (1, 3, 4, 8, 5, 0, 7, 2, 6): {(1, 3, 4, 8, 5, 0, 7, 2, 6), 3},
 (1, 3, 4, 8, 5, 6, 7, 2, 0): {(1, 3, 4, 8, 5, 6, 7, 2, 0), 4},
 (1, 3, 4, 8, 6, 2, 0, 7, 5): {(1, 3, 4, 8, 6, 2, 0, 7, 5), 4},
 (1, 3, 4, 8, 6, 2, 7, 0, 5): {(1, 3, 4, 8, 6, 2, 7, 0, 5), 3},
 (1, 3, 4, 8, 6, 2, 7, 5, 0): {(1, 3, 4, 8, 6, 2, 7, 5, 0), 4},
 (1, 4, 0, 8, 3, 2, 7, 6, 5): {(1, 4, 0, 8, 3, 2, 7, 6, 5), 4},
 (1, 4, 0, 8, 3, 5, 7, 2, 6): {(1, 4, 0, 8, 3, 5, 7, 2, 6), 4}}
---
{(1, 3, 4, 2, 0, 5, 8, 7, 6), 4} inserted in PRIORITY QUEUE with priority 1
[(1, {(1, 2, 3, 8, 0, 4, 7, 6, 5), 4}),
 (1, {(0, 1, 3, 8, 2, 4, 7, 6, 5), 4}),
 (1, {(0, 1, 4, 8, 3, 2, 7, 6, 5), 4}),
 (1, {(1, 4, 0, 8, 3, 2, 7, 6, 5), 4}),
 (1, {(1, 3, 4, 8, 6, 2, 0, 7, 5), 4}),
 (1, {(1, 3, 4, 8, 6, 2, 7, 5, 0), 4}),
 (1, {(0, 3, 4, 1, 8, 2, 7, 6, 5), 4}),
 (1, {(1, 3, 4, 7, 8, 2, 0, 6, 5), 4}),
 (1, {(0, 1, 4, 8, 3, 5, 7, 2, 6), 4}),
 (1, {(1, 4, 0, 8, 3, 5, 7, 2, 6), 4}),
 (1, {(0, 3, 4, 1, 8, 5, 7, 2, 6), 4}),
 (1, {(1, 3, 4, 7, 8, 5, 0, 2, 6), 4}),
 (1, {(1, 3, 0, 8, 5, 4, 7, 2, 6), 4}),
 (1, {(1, 3, 4, 8, 5, 6, 7, 2, 0), 4}),
 (1, {(0, 3, 4, 1, 2, 5, 8, 7, 6), 4}),
 (1, {(1, 3, 4, 2, 0, 5, 8, 7, 6), 4})]
---
{(1, 2, 3, 8, 0, 4, 7, 6, 5), 4} removed from PRIORITY QUEUE
[(1, {(0, 1, 3, 8, 2, 4, 7, 6, 5), 4}),
 (1, {(0, 1, 4, 8, 3, 2, 7, 6, 5), 4}),
 (1, {(1, 4, 0, 8, 3, 2, 7, 6, 5), 4}),
 (1, {(1, 3, 4, 8, 6, 2, 0, 7, 5), 4}),
 (1, {(1, 3, 4, 8, 6, 2, 7, 5, 0), 4}),
 (1, {(0, 3, 4, 1, 8, 2, 7, 6, 5), 4}),
 (1, {(1, 3, 4, 7, 8, 2, 0, 6, 5), 4}),
 (1, {(0, 1, 4, 8, 3, 5, 7, 2, 6), 4}),
 (1, {(1, 4, 0, 8, 3, 5, 7, 2, 6), 4}),
 (1, {(0, 3, 4, 1, 8, 5, 7, 2, 6), 4}),
 (1, {(1, 3, 4, 7, 8, 5, 0, 2, 6), 4}),
 (1, {(1, 3, 0, 8, 5, 4, 7, 2, 6), 4}),
 (1, {(1, 3, 4, 8, 5, 6, 7, 2, 0), 4}),
 (1, {(0, 3, 4, 1, 2, 5, 8, 7, 6), 4}),
 (1, {(1, 3, 4, 2, 0, 5, 8, 7, 6), 4})]
---
FOUND GOAL:
{(1, 2, 3, 8, 0, 4, 7, 6, 5), 4} with cost 4
SOLUTION:
[(1, 3, 4, 8, 2, 0, 7, 6, 5),
 (1, 3, 0, 8, 2, 4, 7, 6, 5),
 (1, 0, 3, 8, 2, 4, 7, 6, 5),
 (1, 2, 3, 8, 0, 4, 7, 6, 5)]
HISTORY:
{(1, 3, 4, 8, 2, 5, 7, 6, 0), 0} inserted in PRIORITY QUEUE with priority 0
[(0, {(1, 3, 4, 8, 2, 5, 7, 6, 0), 0})]
---
(1, 3, 4, 8, 2, 5, 7, 6, 0) inserted in REACHED with value 0
{(1, 3, 4, 8, 2, 5, 7, 6, 0): {(1, 3, 4, 8, 2, 5, 7, 6, 0), 0}}
---
{(1, 3, 4, 8, 2, 5, 7, 6, 0), 0} removed from PRIORITY QUEUE
[]
---
(1, 3, 4, 8, 2, 0, 7, 6, 5) inserted in REACHED with value 1
{(1, 3, 4, 8, 2, 0, 7, 6, 5): {(1, 3, 4, 8, 2, 0, 7, 6, 5), 1},
 (1, 3, 4, 8, 2, 5, 7, 6, 0): {(1, 3, 4, 8, 2, 5, 7, 6, 0), 0}}
---
{(1, 3, 4, 8, 2, 0, 7, 6, 5), 1} inserted in PRIORITY QUEUE with priority 3
[(3, {(1, 3, 4, 8, 2, 0, 7, 6, 5), 1})]
---
(1, 3, 4, 8, 2, 5, 7, 0, 6) inserted in REACHED with value 1
{(1, 3, 4, 8, 2, 0, 7, 6, 5): {(1, 3, 4, 8, 2, 0, 7, 6, 5), 1},
 (1, 3, 4, 8, 2, 5, 7, 0, 6): {(1, 3, 4, 8, 2, 5, 7, 0, 6), 1},
 (1, 3, 4, 8, 2, 5, 7, 6, 0): {(1, 3, 4, 8, 2, 5, 7, 6, 0), 0}}
---
{(1, 3, 4, 8, 2, 5, 7, 0, 6), 1} inserted in PRIORITY QUEUE with priority 5
[(3, {(1, 3, 4, 8, 2, 0, 7, 6, 5), 1}), (5, {(1, 3, 4, 8, 2, 5, 7, 0, 6), 1})]
---
{(1, 3, 4, 8, 2, 0, 7, 6, 5), 1} removed from PRIORITY QUEUE
[(5, {(1, 3, 4, 8, 2, 5, 7, 0, 6), 1})]
---
(1, 3, 0, 8, 2, 4, 7, 6, 5) inserted in REACHED with value 2
{(1, 3, 0, 8, 2, 4, 7, 6, 5): {(1, 3, 0, 8, 2, 4, 7, 6, 5), 2},
 (1, 3, 4, 8, 2, 0, 7, 6, 5): {(1, 3, 4, 8, 2, 0, 7, 6, 5), 1},
 (1, 3, 4, 8, 2, 5, 7, 0, 6): {(1, 3, 4, 8, 2, 5, 7, 0, 6), 1},
 (1, 3, 4, 8, 2, 5, 7, 6, 0): {(1, 3, 4, 8, 2, 5, 7, 6, 0), 0}}
---
{(1, 3, 0, 8, 2, 4, 7, 6, 5), 2} inserted in PRIORITY QUEUE with priority 2
[(2, {(1, 3, 0, 8, 2, 4, 7, 6, 5), 2}), (5, {(1, 3, 4, 8, 2, 5, 7, 0, 6), 1})]
---
(1, 3, 4, 8, 0, 2, 7, 6, 5) inserted in REACHED with value 2
{(1, 3, 0, 8, 2, 4, 7, 6, 5): {(1, 3, 0, 8, 2, 4, 7, 6, 5), 2},
 (1, 3, 4, 8, 0, 2, 7, 6, 5): {(1, 3, 4, 8, 0, 2, 7, 6, 5), 2},
 (1, 3, 4, 8, 2, 0, 7, 6, 5): {(1, 3, 4, 8, 2, 0, 7, 6, 5), 1},
 (1, 3, 4, 8, 2, 5, 7, 0, 6): {(1, 3, 4, 8, 2, 5, 7, 0, 6), 1},
 (1, 3, 4, 8, 2, 5, 7, 6, 0): {(1, 3, 4, 8, 2, 5, 7, 6, 0), 0}}
---
{(1, 3, 4, 8, 0, 2, 7, 6, 5), 2} inserted in PRIORITY QUEUE with priority 4
[(2, {(1, 3, 0, 8, 2, 4, 7, 6, 5), 2}),
 (4, {(1, 3, 4, 8, 0, 2, 7, 6, 5), 2}),
 (5, {(1, 3, 4, 8, 2, 5, 7, 0, 6), 1})]
---
{(1, 3, 0, 8, 2, 4, 7, 6, 5), 2} removed from PRIORITY QUEUE
[(4, {(1, 3, 4, 8, 0, 2, 7, 6, 5), 2}), (5, {(1, 3, 4, 8, 2, 5, 7, 0, 6), 1})]
---
(1, 0, 3, 8, 2, 4, 7, 6, 5) inserted in REACHED with value 3
{(1, 0, 3, 8, 2, 4, 7, 6, 5): {(1, 0, 3, 8, 2, 4, 7, 6, 5), 3},
 (1, 3, 0, 8, 2, 4, 7, 6, 5): {(1, 3, 0, 8, 2, 4, 7, 6, 5), 2},
 (1, 3, 4, 8, 0, 2, 7, 6, 5): {(1, 3, 4, 8, 0, 2, 7, 6, 5), 2},
 (1, 3, 4, 8, 2, 0, 7, 6, 5): {(1, 3, 4, 8, 2, 0, 7, 6, 5), 1},
 (1, 3, 4, 8, 2, 5, 7, 0, 6): {(1, 3, 4, 8, 2, 5, 7, 0, 6), 1},
 (1, 3, 4, 8, 2, 5, 7, 6, 0): {(1, 3, 4, 8, 2, 5, 7, 6, 0), 0}}
---
{(1, 0, 3, 8, 2, 4, 7, 6, 5), 3} inserted in PRIORITY QUEUE with priority 1
[(1, {(1, 0, 3, 8, 2, 4, 7, 6, 5), 3}),
 (4, {(1, 3, 4, 8, 0, 2, 7, 6, 5), 2}),
 (5, {(1, 3, 4, 8, 2, 5, 7, 0, 6), 1})]
---
{(1, 0, 3, 8, 2, 4, 7, 6, 5), 3} removed from PRIORITY QUEUE
[(4, {(1, 3, 4, 8, 0, 2, 7, 6, 5), 2}), (5, {(1, 3, 4, 8, 2, 5, 7, 0, 6), 1})]
---
(1, 2, 3, 8, 0, 4, 7, 6, 5) inserted in REACHED with value 4
{(1, 0, 3, 8, 2, 4, 7, 6, 5): {(1, 0, 3, 8, 2, 4, 7, 6, 5), 3},
 (1, 2, 3, 8, 0, 4, 7, 6, 5): {(1, 2, 3, 8, 0, 4, 7, 6, 5), 4},
 (1, 3, 0, 8, 2, 4, 7, 6, 5): {(1, 3, 0, 8, 2, 4, 7, 6, 5), 2},
 (1, 3, 4, 8, 0, 2, 7, 6, 5): {(1, 3, 4, 8, 0, 2, 7, 6, 5), 2},
 (1, 3, 4, 8, 2, 0, 7, 6, 5): {(1, 3, 4, 8, 2, 0, 7, 6, 5), 1},
 (1, 3, 4, 8, 2, 5, 7, 0, 6): {(1, 3, 4, 8, 2, 5, 7, 0, 6), 1},
 (1, 3, 4, 8, 2, 5, 7, 6, 0): {(1, 3, 4, 8, 2, 5, 7, 6, 0), 0}}
---
{(1, 2, 3, 8, 0, 4, 7, 6, 5), 4} inserted in PRIORITY QUEUE with priority 0
[(0, {(1, 2, 3, 8, 0, 4, 7, 6, 5), 4}),
 (4, {(1, 3, 4, 8, 0, 2, 7, 6, 5), 2}),
 (5, {(1, 3, 4, 8, 2, 5, 7, 0, 6), 1})]
---
(0, 1, 3, 8, 2, 4, 7, 6, 5) inserted in REACHED with value 4
{(0, 1, 3, 8, 2, 4, 7, 6, 5): {(0, 1, 3, 8, 2, 4, 7, 6, 5), 4},
 (1, 0, 3, 8, 2, 4, 7, 6, 5): {(1, 0, 3, 8, 2, 4, 7, 6, 5), 3},
 (1, 2, 3, 8, 0, 4, 7, 6, 5): {(1, 2, 3, 8, 0, 4, 7, 6, 5), 4},
 (1, 3, 0, 8, 2, 4, 7, 6, 5): {(1, 3, 0, 8, 2, 4, 7, 6, 5), 2},
 (1, 3, 4, 8, 0, 2, 7, 6, 5): {(1, 3, 4, 8, 0, 2, 7, 6, 5), 2},
 (1, 3, 4, 8, 2, 0, 7, 6, 5): {(1, 3, 4, 8, 2, 0, 7, 6, 5), 1},
 (1, 3, 4, 8, 2, 5, 7, 0, 6): {(1, 3, 4, 8, 2, 5, 7, 0, 6), 1},
 (1, 3, 4, 8, 2, 5, 7, 6, 0): {(1, 3, 4, 8, 2, 5, 7, 6, 0), 0}}
---
{(0, 1, 3, 8, 2, 4, 7, 6, 5), 4} inserted in PRIORITY QUEUE with priority 2
[(0, {(1, 2, 3, 8, 0, 4, 7, 6, 5), 4}),
 (2, {(0, 1, 3, 8, 2, 4, 7, 6, 5), 4}),
 (4, {(1, 3, 4, 8, 0, 2, 7, 6, 5), 2}),
 (5, {(1, 3, 4, 8, 2, 5, 7, 0, 6), 1})]
---
{(1, 2, 3, 8, 0, 4, 7, 6, 5), 4} removed from PRIORITY QUEUE
[(2, {(0, 1, 3, 8, 2, 4, 7, 6, 5), 4}),
 (4, {(1, 3, 4, 8, 0, 2, 7, 6, 5), 2}),
 (5, {(1, 3, 4, 8, 2, 5, 7, 0, 6), 1})]
---
FOUND GOAL:
{(1, 2, 3, 8, 0, 4, 7, 6, 5), 4} with cost 4
SOLUTION:
[(1, 3, 4, 8, 2, 0, 7, 6, 5),
 (1, 3, 0, 8, 2, 4, 7, 6, 5),
 (1, 0, 3, 8, 2, 4, 7, 6, 5),
 (1, 2, 3, 8, 0, 4, 7, 6, 5)]
HISTORY:
{(1, 3, 4, 8, 2, 5, 7, 6, 0), 0} inserted in PRIORITY QUEUE with priority 0
[(0, {(1, 3, 4, 8, 2, 5, 7, 6, 0), 0})]
---
(1, 3, 4, 8, 2, 5, 7, 6, 0) inserted in REACHED with value 0
{(1, 3, 4, 8, 2, 5, 7, 6, 0): {(1, 3, 4, 8, 2, 5, 7, 6, 0), 0}}
---
{(1, 3, 4, 8, 2, 5, 7, 6, 0), 0} removed from PRIORITY QUEUE
[]
---
(1, 3, 4, 8, 2, 0, 7, 6, 5) inserted in REACHED with value 1
{(1, 3, 4, 8, 2, 0, 7, 6, 5): {(1, 3, 4, 8, 2, 0, 7, 6, 5), 1},
 (1, 3, 4, 8, 2, 5, 7, 6, 0): {(1, 3, 4, 8, 2, 5, 7, 6, 0), 0}}
---
{(1, 3, 4, 8, 2, 0, 7, 6, 5), 1} inserted in PRIORITY QUEUE with priority 4
[(4, {(1, 3, 4, 8, 2, 0, 7, 6, 5), 1})]
---
(1, 3, 4, 8, 2, 5, 7, 0, 6) inserted in REACHED with value 1
{(1, 3, 4, 8, 2, 0, 7, 6, 5): {(1, 3, 4, 8, 2, 0, 7, 6, 5), 1},
 (1, 3, 4, 8, 2, 5, 7, 0, 6): {(1, 3, 4, 8, 2, 5, 7, 0, 6), 1},
 (1, 3, 4, 8, 2, 5, 7, 6, 0): {(1, 3, 4, 8, 2, 5, 7, 6, 0), 0}}
---
{(1, 3, 4, 8, 2, 5, 7, 0, 6), 1} inserted in PRIORITY QUEUE with priority 6
[(4, {(1, 3, 4, 8, 2, 0, 7, 6, 5), 1}), (6, {(1, 3, 4, 8, 2, 5, 7, 0, 6), 1})]
---
{(1, 3, 4, 8, 2, 0, 7, 6, 5), 1} removed from PRIORITY QUEUE
[(6, {(1, 3, 4, 8, 2, 5, 7, 0, 6), 1})]
---
(1, 3, 0, 8, 2, 4, 7, 6, 5) inserted in REACHED with value 2
{(1, 3, 0, 8, 2, 4, 7, 6, 5): {(1, 3, 0, 8, 2, 4, 7, 6, 5), 2},
 (1, 3, 4, 8, 2, 0, 7, 6, 5): {(1, 3, 4, 8, 2, 0, 7, 6, 5), 1},
 (1, 3, 4, 8, 2, 5, 7, 0, 6): {(1, 3, 4, 8, 2, 5, 7, 0, 6), 1},
 (1, 3, 4, 8, 2, 5, 7, 6, 0): {(1, 3, 4, 8, 2, 5, 7, 6, 0), 0}}
---
{(1, 3, 0, 8, 2, 4, 7, 6, 5), 2} inserted in PRIORITY QUEUE with priority 4
[(4, {(1, 3, 0, 8, 2, 4, 7, 6, 5), 2}), (6, {(1, 3, 4, 8, 2, 5, 7, 0, 6), 1})]
---
(1, 3, 4, 8, 0, 2, 7, 6, 5) inserted in REACHED with value 2
{(1, 3, 0, 8, 2, 4, 7, 6, 5): {(1, 3, 0, 8, 2, 4, 7, 6, 5), 2},
 (1, 3, 4, 8, 0, 2, 7, 6, 5): {(1, 3, 4, 8, 0, 2, 7, 6, 5), 2},
 (1, 3, 4, 8, 2, 0, 7, 6, 5): {(1, 3, 4, 8, 2, 0, 7, 6, 5), 1},
 (1, 3, 4, 8, 2, 5, 7, 0, 6): {(1, 3, 4, 8, 2, 5, 7, 0, 6), 1},
 (1, 3, 4, 8, 2, 5, 7, 6, 0): {(1, 3, 4, 8, 2, 5, 7, 6, 0), 0}}
---
{(1, 3, 4, 8, 0, 2, 7, 6, 5), 2} inserted in PRIORITY QUEUE with priority 6
[(4, {(1, 3, 0, 8, 2, 4, 7, 6, 5), 2}),
 (6, {(1, 3, 4, 8, 2, 5, 7, 0, 6), 1}),
 (6, {(1, 3, 4, 8, 0, 2, 7, 6, 5), 2})]
---
{(1, 3, 0, 8, 2, 4, 7, 6, 5), 2} removed from PRIORITY QUEUE
[(6, {(1, 3, 4, 8, 2, 5, 7, 0, 6), 1}), (6, {(1, 3, 4, 8, 0, 2, 7, 6, 5), 2})]
---
(1, 0, 3, 8, 2, 4, 7, 6, 5) inserted in REACHED with value 3
{(1, 0, 3, 8, 2, 4, 7, 6, 5): {(1, 0, 3, 8, 2, 4, 7, 6, 5), 3},
 (1, 3, 0, 8, 2, 4, 7, 6, 5): {(1, 3, 0, 8, 2, 4, 7, 6, 5), 2},
 (1, 3, 4, 8, 0, 2, 7, 6, 5): {(1, 3, 4, 8, 0, 2, 7, 6, 5), 2},
 (1, 3, 4, 8, 2, 0, 7, 6, 5): {(1, 3, 4, 8, 2, 0, 7, 6, 5), 1},
 (1, 3, 4, 8, 2, 5, 7, 0, 6): {(1, 3, 4, 8, 2, 5, 7, 0, 6), 1},
 (1, 3, 4, 8, 2, 5, 7, 6, 0): {(1, 3, 4, 8, 2, 5, 7, 6, 0), 0}}
---
{(1, 0, 3, 8, 2, 4, 7, 6, 5), 3} inserted in PRIORITY QUEUE with priority 4
[(4, {(1, 0, 3, 8, 2, 4, 7, 6, 5), 3}),
 (6, {(1, 3, 4, 8, 2, 5, 7, 0, 6), 1}),
 (6, {(1, 3, 4, 8, 0, 2, 7, 6, 5), 2})]
---
{(1, 0, 3, 8, 2, 4, 7, 6, 5), 3} removed from PRIORITY QUEUE
[(6, {(1, 3, 4, 8, 2, 5, 7, 0, 6), 1}), (6, {(1, 3, 4, 8, 0, 2, 7, 6, 5), 2})]
---
(1, 2, 3, 8, 0, 4, 7, 6, 5) inserted in REACHED with value 4
{(1, 0, 3, 8, 2, 4, 7, 6, 5): {(1, 0, 3, 8, 2, 4, 7, 6, 5), 3},
 (1, 2, 3, 8, 0, 4, 7, 6, 5): {(1, 2, 3, 8, 0, 4, 7, 6, 5), 4},
 (1, 3, 0, 8, 2, 4, 7, 6, 5): {(1, 3, 0, 8, 2, 4, 7, 6, 5), 2},
 (1, 3, 4, 8, 0, 2, 7, 6, 5): {(1, 3, 4, 8, 0, 2, 7, 6, 5), 2},
 (1, 3, 4, 8, 2, 0, 7, 6, 5): {(1, 3, 4, 8, 2, 0, 7, 6, 5), 1},
 (1, 3, 4, 8, 2, 5, 7, 0, 6): {(1, 3, 4, 8, 2, 5, 7, 0, 6), 1},
 (1, 3, 4, 8, 2, 5, 7, 6, 0): {(1, 3, 4, 8, 2, 5, 7, 6, 0), 0}}
---
{(1, 2, 3, 8, 0, 4, 7, 6, 5), 4} inserted in PRIORITY QUEUE with priority 4
[(4, {(1, 2, 3, 8, 0, 4, 7, 6, 5), 4}),
 (6, {(1, 3, 4, 8, 2, 5, 7, 0, 6), 1}),
 (6, {(1, 3, 4, 8, 0, 2, 7, 6, 5), 2})]
---
(0, 1, 3, 8, 2, 4, 7, 6, 5) inserted in REACHED with value 4
{(0, 1, 3, 8, 2, 4, 7, 6, 5): {(0, 1, 3, 8, 2, 4, 7, 6, 5), 4},
 (1, 0, 3, 8, 2, 4, 7, 6, 5): {(1, 0, 3, 8, 2, 4, 7, 6, 5), 3},
 (1, 2, 3, 8, 0, 4, 7, 6, 5): {(1, 2, 3, 8, 0, 4, 7, 6, 5), 4},
 (1, 3, 0, 8, 2, 4, 7, 6, 5): {(1, 3, 0, 8, 2, 4, 7, 6, 5), 2},
 (1, 3, 4, 8, 0, 2, 7, 6, 5): {(1, 3, 4, 8, 0, 2, 7, 6, 5), 2},
 (1, 3, 4, 8, 2, 0, 7, 6, 5): {(1, 3, 4, 8, 2, 0, 7, 6, 5), 1},
 (1, 3, 4, 8, 2, 5, 7, 0, 6): {(1, 3, 4, 8, 2, 5, 7, 0, 6), 1},
 (1, 3, 4, 8, 2, 5, 7, 6, 0): {(1, 3, 4, 8, 2, 5, 7, 6, 0), 0}}
---
{(0, 1, 3, 8, 2, 4, 7, 6, 5), 4} inserted in PRIORITY QUEUE with priority 6
[(4, {(1, 2, 3, 8, 0, 4, 7, 6, 5), 4}),
 (6, {(1, 3, 4, 8, 2, 5, 7, 0, 6), 1}),
 (6, {(1, 3, 4, 8, 0, 2, 7, 6, 5), 2}),
 (6, {(0, 1, 3, 8, 2, 4, 7, 6, 5), 4})]
---
{(1, 2, 3, 8, 0, 4, 7, 6, 5), 4} removed from PRIORITY QUEUE
[(6, {(1, 3, 4, 8, 2, 5, 7, 0, 6), 1}),
 (6, {(1, 3, 4, 8, 0, 2, 7, 6, 5), 2}),
 (6, {(0, 1, 3, 8, 2, 4, 7, 6, 5), 4})]
---
